pdb_posins,pdb_chain,pdb_res,top_res,pdb_pos,perplexity,A,C,D,E,F,G,H,I,K,L,M,N,P,Q,R,S,T,V,W,Y
1,H,E,M,1,1.4826,-5.2565,-7.3351,-5.8139,-5.8458,-6.9543,-4.1979,-6.6531,-6.3763,-6.2744,-6.0546,-0.0644,-6.3896,-5.1409,-6.1586,-5.9349,-4.9766,-5.8174,-5.4026,-8.1033,-7.6086
2,H,V,V,2,1.0305,-9.5800,-11.8954,-13.4141,-10.2196,-13.1408,-13.3617,-13.2025,-5.5578,-12.7455,-8.3507,-10.2883,-12.4022,-13.3894,-11.2660,-12.2098,-14.0885,-10.2692,-0.0043,-12.7425,-13.0048
3,H,Q,Q,3,1.7197,-6.7859,-9.2355,-7.1044,-4.9883,-8.2995,-8.9995,-5.0618,-6.9173,-3.5846,-3.8124,-5.1293,-7.2109,-12.1287,-0.1087,-4.4621,-7.0632,-6.4911,-4.1451,-9.6044,-9.1150
4,H,L,L,4,1.8752,-10.9084,-10.9550,-16.0473,-11.5335,-8.3258,-11.2249,-14.6493,-4.2142,-14.0472,-0.1937,-2.3494,-14.7231,-11.2535,-10.3323,-12.7947,-12.4199,-11.7661,-2.7263,-9.4971,-12.2890
5,H,V,V,5,2.1988,-6.8109,-10.1374,-7.9274,-3.7670,-7.6584,-8.7599,-6.6753,-6.4642,-7.4277,-1.9863,-6.5100,-7.5645,-16.9591,-2.9460,-6.1336,-7.6663,-7.0832,-0.2537,-10.2654,-8.9466
6,H,E,E,6,1.0387,-10.4226,-11.1013,-8.8234,-0.0059,-16.3193,-11.0713,-13.1771,-13.4199,-11.9389,-12.8834,-11.6211,-12.1278,-16.0381,-5.1931,-13.0205,-12.3335,-11.8396,-9.3938,-15.3458,-16.7561
7,H,S,S,7,1.0215,-7.7715,-10.7082,-10.6460,-10.6102,-9.1324,-6.7993,-10.4821,-15.0807,-10.7124,-10.9419,-12.4908,-10.7136,-16.0160,-10.4153,-7.9747,-0.0024,-8.8968,-13.2544,-10.7104,-9.5283
8,H,G,G,8,1.0032,-10.8849,-13.8807,-10.4267,-9.1714,-14.9751,-0.0003,-14.1990,-14.8397,-11.5832,-12.6817,-14.9897,-12.8496,-15.9624,-11.8103,-9.1145,-12.4965,-13.8412,-12.4361,-13.5749,-14.8160
9,H,G,G,9,1.0001,-14.7715,-17.4406,-16.6101,-16.0342,-18.7681,-0.0000,-20.4977,-20.0903,-17.4756,-15.9576,-21.2744,-19.7721,-17.7314,-18.6683,-12.7044,-15.9211,-18.6191,-16.9254,-17.5387,-20.1206
10,H,G,G,10,1.0017,-12.9132,-14.2539,-10.0017,-11.5596,-13.6858,-0.0002,-14.6073,-15.1116,-13.6581,-11.5811,-15.1846,-14.0971,-16.4818,-13.5377,-9.6206,-11.9805,-13.9440,-12.4461,-14.1259,-14.7599
11,H,L,L,11,1.4537,-7.9779,-10.5943,-10.1674,-9.2788,-7.8850,-10.8744,-10.4519,-6.5987,-9.2078,-0.1133,-6.8190,-11.1279,-9.3201,-8.4795,-7.5537,-8.3941,-7.0065,-2.2867,-10.3856,-10.5437
12,H,V,V,12,1.2502,-7.7032,-10.2385,-11.4289,-7.6249,-10.5516,-11.1419,-11.4700,-3.4082,-7.0819,-5.3645,-6.9431,-10.8098,-11.7696,-8.2182,-7.0686,-9.0742,-6.2620,-0.0448,-13.5337,-11.8117
13,H,Q,K,13,2.5905,-8.1292,-11.5966,-12.0923,-6.3520,-10.9341,-11.4216,-7.0454,-10.0697,-0.7601,-7.5523,-8.2216,-7.7393,-9.0017,-0.7937,-2.6049,-7.9600,-6.6147,-8.5361,-11.2646,-10.2265
14,H,A,A,14,3.2055,-0.5492,-8.4484,-9.3027,-5.7644,-9.6090,-6.7305,-9.0103,-10.9937,-6.5452,-4.8625,-7.3017,-9.9509,-1.5493,-5.1796,-5.7364,-1.8108,-3.8235,-6.7404,-11.5916,-11.0467
15,H,G,G,15,1.0080,-10.5193,-12.9476,-11.7943,-9.3678,-15.6957,-0.0008,-13.1080,-14.2493,-8.3016,-12.5430,-13.3163,-11.2952,-15.9187,-11.3204,-8.2037,-9.3178,-10.3097,-12.1961,-13.5604,-16.3279
16,H,G,G,16,1.0017,-12.3893,-16.4812,-14.2898,-13.3149,-19.2670,-0.0002,-15.0910,-18.7866,-11.3448,-16.9488,-17.6106,-13.4768,-18.2941,-13.9940,-8.8950,-12.4231,-14.3402,-16.8893,-17.7354,-18.4541
17,H,S,S,17,1.1185,-5.5143,-10.7172,-10.0075,-9.0580,-7.7795,-5.9198,-8.9289,-14.1061,-7.8612,-8.4344,-10.0609,-9.6277,-11.1173,-7.8784,-4.8693,-0.0169,-7.7504,-13.2089,-9.5384,-9.9373
18,H,L,L,18,1.1642,-10.3904,-12.7903,-11.4127,-9.4267,-11.5691,-13.7986,-10.9859,-7.8986,-7.6150,-0.0314,-7.5416,-10.2930,-10.7004,-7.5530,-3.5606,-9.8450,-9.8234,-8.1167,-12.7672,-13.3228
19,H,R,R,19,1.1653,-9.4900,-10.6570,-10.1600,-8.0918,-10.7145,-11.0181,-9.4230,-10.6394,-3.8491,-8.5380,-9.8655,-9.2868,-13.3727,-7.1498,-0.0282,-6.3018,-5.9521,-8.1443,-11.2982,-11.2751
20,H,L,L,20,1.0024,-14.7159,-15.6885,-19.5445,-17.2029,-8.8890,-16.4744,-15.1544,-10.5023,-16.6487,-0.0002,-10.0872,-17.0017,-17.6080,-13.9999,-14.6568,-14.7269,-17.3767,-11.5297,-12.3077,-14.2174
21,H,T,S,21,1.3150,-5.4135,-8.4994,-7.0912,-6.6514,-8.8933,-7.7604,-8.1793,-7.9785,-7.3608,-8.6727,-10.5139,-5.4182,-10.5998,-8.2539,-6.6376,-0.0541,-3.3164,-6.5789,-11.1133,-8.7118
22,H,C,C,22,1.0022,-8.6978,-0.0002,-15.0444,-14.6404,-14.5238,-10.9543,-16.7529,-14.3160,-17.6145,-11.6735,-13.8471,-15.5942,-20.4314,-15.9929,-16.0554,-12.1730,-14.1986,-11.1289,-16.3809,-18.1372
23,H,A,A,23,2.6997,-0.4032,-8.8677,-6.4355,-4.3826,-8.3961,-4.3019,-8.4036,-8.9053,-5.9809,-6.1657,-8.4204,-6.7618,-11.2116,-5.9086,-4.4481,-1.4029,-3.5576,-4.7748,-9.3330,-9.5363
24,H,A,A,24,1.0541,-0.0080,-9.9160,-11.7876,-11.2747,-15.6348,-8.4309,-17.1373,-16.0204,-15.1716,-12.8397,-11.1779,-11.6437,-11.2025,-14.0479,-12.2483,-6.6020,-5.0953,-8.6686,-15.8439,-18.2158
25,H,S,S,25,1.0478,-8.1057,-12.2095,-9.3818,-10.6341,-9.4828,-8.9839,-10.9246,-10.4942,-10.4851,-10.3447,-12.5420,-9.2013,-13.7424,-10.7354,-7.2310,-0.0065,-5.3465,-9.2221,-10.8207,-9.6496
26,H,A,S,26,8.1638,-2.4189,-7.7122,-4.3273,-2.3986,-5.8939,-2.0893,-4.2917,-7.3549,-3.0534,-5.4330,-6.4038,-5.2298,-10.6013,-2.3674,-1.6157,-1.2968,-3.4640,-5.5578,-6.8645,-5.3067
27,H,G,G,27,1.0082,-10.7860,-12.5328,-8.3494,-11.1985,-9.5393,-0.0008,-11.4858,-10.8993,-11.7939,-9.3738,-13.1705,-8.8840,-11.6107,-12.8196,-11.0185,-9.1613,-12.1410,-11.5869,-14.0581,-10.1860
28,H,S,S,28,1.1724,-7.4195,-12.2164,-7.5922,-9.0389,-10.1021,-9.6367,-9.9995,-8.5359,-8.3621,-8.1578,-10.9359,-7.6236,-10.9777,-9.5960,-6.3186,-0.0309,-3.6621,-8.8113,-10.2170,-10.2058
29,H,F,F,29,1.0104,-12.4561,-14.2467,-12.2209,-13.3460,-0.0011,-14.6259,-9.8616,-11.1355,-12.8362,-9.1639,-9.1974,-11.7278,-13.1954,-13.5620,-11.9440,-9.6757,-10.6657,-11.3204,-10.6438,-7.2749
30,H,R,R,30,4.4614,-5.4063,-9.2520,-3.4831,-5.2931,-5.9656,-4.9404,-5.2776,-4.4927,-3.3952,-3.5363,-5.7569,-2.2246,-10.0464,-6.4337,-0.5102,-2.1042,-3.9160,-5.7371,-5.4736,-4.7776
31,H,G,G,31,1.0184,-8.7202,-11.8086,-9.1795,-10.2699,-11.6494,-0.0020,-10.7202,-11.3687,-10.7200,-10.8622,-12.4429,-7.5142,-10.0333,-11.1113,-9.3046,-7.0549,-11.0820,-13.6601,-11.1823,-10.0546
32,H,Y,Y,32,2.0089,-7.7447,-9.2490,-6.1050,-7.9657,-2.4207,-10.1270,-2.9966,-12.0894,-7.5704,-6.2609,-9.5894,-5.6427,-12.3937,-7.5132,-7.8729,-4.5446,-7.6400,-11.1251,-4.3011,-0.1907
33,H,A,A,33,1.4936,-0.1176,-9.1046,-6.3064,-7.7286,-11.1534,-4.8497,-9.5909,-15.6585,-12.2390,-12.1992,-12.3365,-8.7753,-7.8074,-10.4865,-9.9445,-2.3125,-7.0190,-11.5144,-10.0030,-9.6290
34,H,M,M,34,2.5260,-4.4748,-8.2633,-10.8006,-8.9461,-4.0141,-7.7316,-8.5891,-2.0442,-11.5921,-4.4508,-0.2841,-8.0825,-12.3429,-7.0268,-10.8428,-5.7190,-4.7918,-2.8849,-4.9939,-8.6217
35,H,G,G,35,1.2607,-5.3699,-9.6538,-9.9571,-10.4605,-13.0008,-0.0532,-7.4172,-11.2470,-12.4225,-11.5679,-13.5765,-7.3005,-14.0980,-9.4989,-11.3663,-3.1020,-7.3823,-11.5058,-13.9026,-12.1087
36,H,W,W,36,1.0076,-10.5276,-11.6185,-14.2247,-11.9250,-8.4075,-10.9844,-11.0127,-10.3166,-13.1292,-9.8570,-9.7889,-12.4849,-17.0140,-12.3717,-9.2740,-11.0744,-11.3513,-8.7831,-0.0007,-12.8852
37,H,F,F,37,1.5715,-8.7510,-7.3717,-13.4758,-9.3666,-0.0891,-8.4597,-3.7114,-8.6915,-6.9325,-4.8343,-6.7347,-9.1386,-16.7779,-7.1336,-4.6058,-6.3174,-8.2291,-5.9593,-4.6466,-3.7186
38,H,R,R,38,1.0042,-12.0675,-9.8085,-14.4070,-12.7117,-15.7197,-10.1424,-9.8976,-15.2752,-9.1248,-13.3446,-14.1824,-11.8822,-15.5184,-9.3357,-0.0004,-11.0567,-12.9638,-13.5420,-12.4914,-15.6933
39,H,Q,Q,39,1.0282,-10.7876,-13.0057,-15.1730,-8.8712,-16.9838,-11.9362,-10.8550,-11.3851,-6.9642,-9.1113,-10.8580,-14.5784,-14.0462,-0.0036,-6.1400,-12.2150,-10.8383,-9.1326,-14.4799,-17.8975
40,H,A,A,40,1.0575,-0.0072,-10.9683,-13.6944,-10.9019,-14.3100,-7.7655,-10.2882,-13.6828,-8.6828,-12.1073,-10.7498,-12.0983,-7.1607,-8.7177,-5.8988,-7.1602,-6.8683,-6.9216,-11.8539,-15.7807
41,H,P,P,41,1.0551,-6.6289,-13.4658,-11.4749,-10.5860,-12.7070,-9.7458,-10.6339,-11.3904,-11.2637,-8.5030,-13.4879,-12.5621,-0.0072,-10.3799,-7.1940,-6.1553,-6.0084,-9.4267,-11.3745,-14.2879
42,H,G,G,42,1.0050,-9.3983,-16.6444,-10.3025,-8.6407,-14.2305,-0.0005,-12.5942,-15.8994,-11.0502,-11.2600,-14.1796,-14.6101,-13.3462,-12.0525,-9.1774,-12.2555,-10.7542,-11.5192,-12.4513,-14.6915
43,H,K,K,43,1.1419,-9.1830,-12.9406,-11.0218,-6.4627,-11.4468,-8.3276,-8.8497,-11.7115,-0.0224,-7.2400,-9.0104,-8.4923,-13.6904,-5.2181,-4.3113,-9.6991,-9.0824,-11.4913,-12.3670,-11.8609
44,H,E,G,44,1.6387,-3.1862,-10.8262,-6.6573,-6.1457,-11.1412,-0.1233,-9.5941,-11.6453,-6.9551,-7.0722,-10.0246,-8.0104,-7.1581,-7.4712,-2.7695,-7.4229,-5.7543,-6.8550,-8.9832,-11.3598
45,H,R,L,45,6.8524,-2.9550,-8.6179,-8.9744,-5.6408,-7.3658,-6.0558,-10.5794,-2.9818,-4.0882,-0.9727,-2.2591,-7.9337,-1.8417,-6.3349,-2.5033,-5.8801,-2.2970,-3.1316,-6.4492,-10.6613
46,H,E,E,46,1.2967,-6.5282,-10.4387,-6.7900,-0.0511,-9.4613,-7.9327,-8.1202,-8.4795,-7.0976,-6.5111,-7.8096,-9.8811,-13.0966,-3.3557,-6.0978,-8.2233,-7.1050,-5.2541,-10.1071,-11.8355
47,H,F,W,47,2.1289,-9.6470,-10.8968,-11.6635,-11.5370,-0.9537,-10.4914,-7.5826,-11.6093,-12.8861,-7.4093,-10.9263,-10.7888,-9.9249,-12.8572,-10.1387,-9.5183,-11.3075,-9.8501,-0.5163,-4.1078
48,H,V,V,48,1.0303,-10.6757,-11.0704,-15.3134,-11.4303,-13.2379,-15.6884,-13.3294,-6.4784,-14.6227,-6.1068,-9.0660,-15.2772,-18.9387,-11.1594,-11.8617,-13.3396,-10.2292,-0.0040,-13.9535,-14.4226
49,H,A,A,49,1.9092,-0.3772,-7.3659,-9.8374,-11.8480,-10.0930,-6.1145,-12.3291,-13.2967,-13.8026,-9.8884,-8.4978,-8.6357,-15.2133,-12.8333,-13.4501,-1.1691,-8.6007,-12.2988,-14.1951,-12.1433
50,H,A,A,50,1.6390,-0.1872,-8.8366,-8.8582,-8.2801,-11.4205,-5.5418,-10.5304,-12.7837,-12.4483,-9.0952,-9.4588,-7.1755,-16.3011,-10.3260,-11.1466,-1.8067,-7.0387,-8.8934,-12.6608,-11.2782
51,H,V,I,51,2.0823,-5.0955,-8.7767,-8.6061,-7.7390,-4.6299,-7.3640,-5.9171,-0.1893,-7.0823,-4.4222,-5.1363,-6.6206,-12.8310,-7.5511,-7.2450,-4.0695,-4.6092,-2.2906,-6.9588,-6.2170
52,H,S,S,52,1.0814,-6.3271,-9.3444,-7.8900,-6.9057,-11.9059,-8.6749,-9.1299,-13.9712,-9.0502,-10.9395,-10.2664,-6.6389,-14.6779,-7.3713,-8.6402,-0.0107,-5.3971,-13.5845,-8.3477,-10.8988
53,H,V,T,53,3.5025,-3.9936,-6.1017,-5.3724,-4.9485,-10.0703,-3.6469,-9.5624,-5.3361,-7.7649,-7.3631,-6.7166,-4.6838,-2.9830,-4.8673,-5.2414,-4.5448,-0.5211,-1.3595,-9.4509,-9.0912
54,H,L,L,54,1.9180,-5.1321,-9.3042,-6.6617,-6.1277,-8.3715,-7.2471,-8.2751,-4.3009,-4.0060,-0.1333,-4.9281,-5.2356,-7.1110,-4.8627,-3.2191,-4.5747,-5.3402,-5.1416,-9.7045,-8.3012
55,H,T,Y,55,4.6331,-4.8611,-7.6704,-3.5321,-5.3784,-3.5409,-4.3676,-2.5025,-8.1485,-3.9327,-5.5751,-5.9588,-3.7792,-10.3739,-5.9822,-3.7505,-3.2457,-3.1993,-7.0116,-3.0742,-0.4583
56,H,W,Y,56,12.9584,-2.1675,-5.8837,-2.9415,-3.4549,-3.4523,-3.3066,-3.5284,-3.2418,-5.4090,-2.9056,-4.4228,-3.6236,-6.0685,-5.0334,-4.4033,-2.6856,-3.0355,-2.4348,-1.9733,-1.6103
57,H,S,D,57,7.4739,-3.4948,-7.6081,-1.0702,-2.2690,-7.3257,-1.8507,-5.6912,-6.3497,-3.3408,-5.8041,-5.0420,-2.1684,-9.8270,-4.4368,-3.2224,-2.1146,-3.7969,-6.1199,-6.9340,-5.9461
58,H,G,G,58,1.0021,-12.0476,-14.3049,-9.7800,-10.8816,-14.0944,-0.0002,-13.4593,-12.9649,-12.3982,-11.9764,-15.1481,-11.3676,-14.4921,-13.8755,-11.1310,-10.0702,-12.5871,-13.6394,-12.9047,-12.7195
59,H,D,G,59,4.6884,-4.6629,-7.4856,-2.5855,-2.6122,-6.8514,-0.5233,-4.3596,-7.4592,-4.2060,-2.1960,-5.4053,-4.0512,-7.7081,-3.2740,-4.2852,-3.6981,-5.3829,-8.6565,-7.0466,-5.5918
60,H,S,S,60,8.0476,-1.8757,-7.5683,-2.8771,-3.2319,-4.8497,-4.2509,-4.5377,-5.6904,-2.1875,-4.8799,-5.9599,-2.4906,-8.5375,-4.4859,-2.8893,-1.0029,-2.9807,-6.1096,-7.0417,-3.8478
61,H,T,T,61,4.5395,-4.2150,-7.9367,-3.9152,-3.2316,-6.6441,-7.8170,-5.4645,-3.4637,-1.7283,-4.8190,-4.8799,-5.0386,-9.6814,-3.8148,-4.3183,-4.0032,-0.5326,-3.0925,-8.5042,-6.1632
62,H,N,A,62,6.6295,-0.7752,-6.4951,-2.5979,-4.4063,-4.0855,-4.8075,-2.8943,-5.4807,-4.2299,-3.8545,-6.1623,-3.1791,-8.5202,-4.9467,-4.4677,-2.2413,-4.5622,-5.3698,-5.6142,-1.9418
63,H,I,I,63,3.5951,-7.4332,-5.7035,-7.0699,-8.0800,-6.4480,-9.0196,-5.3911,-0.6616,-8.3994,-3.6348,-7.7201,-4.9321,-9.6834,-7.9642,-7.5580,-6.4329,-4.1952,-1.7950,-6.9726,-1.3717
64,H,A,A,64,1.3150,-0.0576,-9.7838,-6.5270,-7.8692,-9.2749,-5.1512,-7.4550,-12.0257,-6.9204,-9.2970,-9.5786,-6.0765,-8.9124,-9.1616,-9.6179,-3.1726,-6.3767,-8.4004,-11.6755,-10.1998
65,H,D,D,65,5.7757,-2.9594,-9.6141,-0.5945,-3.1122,-7.3178,-4.2465,-3.8114,-7.0770,-4.5731,-5.3038,-6.1072,-2.8057,-2.2383,-3.4583,-3.3643,-3.5646,-4.0492,-4.5022,-6.7294,-5.2824
66,H,S,S,66,1.1100,-5.0657,-11.1151,-8.8962,-9.6868,-7.8428,-9.3046,-10.5767,-9.5793,-8.2475,-8.7460,-10.3486,-8.3061,-8.9255,-10.5313,-6.2799,-0.0156,-5.2546,-7.9999,-10.2699,-9.8351
67,H,V,V,67,1.0069,-11.0044,-13.9359,-15.9044,-12.0703,-12.4897,-12.1703,-16.0282,-8.0313,-12.0686,-8.0069,-11.3124,-15.0237,-15.6225,-14.3973,-11.5914,-14.8539,-11.4212,-0.0007,-15.2839,-14.5406
68,H,K,K,68,2.3158,-5.0682,-10.0350,-7.4640,-3.5331,-7.6431,-8.3953,-7.3737,-7.3294,-0.2266,-6.0403,-5.1816,-7.0036,-11.0675,-3.7685,-2.3066,-5.3921,-3.6554,-6.8990,-7.0605,-7.1880
69,H,G,G,69,1.0108,-9.4183,-12.5934,-7.3533,-9.6289,-12.0771,-0.0011,-12.0998,-14.0788,-11.5570,-12.7665,-13.6234,-9.9548,-13.8555,-13.1156,-9.9592,-8.7247,-10.2977,-10.5832,-12.1949,-12.3593
70,H,R,R,70,1.0056,-12.3266,-12.2814,-12.1961,-12.7911,-13.1858,-12.1397,-8.6948,-14.4710,-8.9942,-11.5646,-13.6678,-10.4120,-15.1462,-10.1589,-0.0005,-9.8690,-10.4432,-14.9390,-9.9389,-12.3099
71,H,F,F,71,1.0136,-9.3525,-9.8078,-12.6437,-14.6277,-0.0015,-11.5478,-10.8205,-11.6228,-16.2465,-6.9441,-9.7848,-12.8764,-16.7066,-14.1581,-15.4818,-10.4027,-13.0549,-11.0473,-8.7220,-9.2253
72,H,T,T,72,1.5676,-4.4351,-12.0254,-7.1006,-6.8180,-8.1858,-8.8592,-9.8595,-5.2723,-7.2520,-7.5385,-6.9705,-7.3003,-12.3542,-8.2366,-7.1985,-2.4983,-0.1145,-5.9310,-10.4680,-9.6225
73,H,I,I,73,1.0954,-12.2902,-13.8705,-16.4266,-14.9463,-12.8481,-11.2425,-16.5991,-0.0180,-14.9642,-9.6460,-9.8109,-13.3375,-13.8300,-13.8468,-14.8790,-11.8932,-9.4696,-4.0393,-17.2410,-18.3605
74,H,F,S,74,1.3596,-6.3641,-8.6980,-6.3372,-8.0510,-4.2710,-5.8218,-5.5763,-9.5272,-7.4961,-8.0783,-9.6689,-4.9375,-10.6677,-8.3307,-6.4227,-0.0527,-6.0702,-8.6271,-8.3390,-4.2783
75,H,R,R,75,1.2891,-5.5929,-11.9644,-9.0748,-6.1520,-15.0963,-8.6163,-11.9305,-9.5396,-3.4504,-8.3787,-9.2903,-8.1636,-6.5954,-5.6468,-0.0488,-7.2296,-5.9636,-7.0904,-11.9376,-14.1304
76,H,D,D,76,1.0451,-9.1305,-11.3873,-0.0061,-6.9048,-13.3346,-9.7357,-8.8458,-12.2198,-11.6017,-10.4000,-12.2469,-5.4649,-14.7817,-9.8617,-10.0956,-8.0222,-11.2361,-9.7369,-13.0431,-11.6964
77,H,T,N,77,2.2072,-6.4963,-9.1495,-1.9482,-5.8571,-7.9408,-6.8672,-8.0159,-4.6925,-5.5034,-3.8373,-5.4006,-0.2358,-7.2163,-9.0098,-6.7894,-6.2498,-4.4236,-5.5049,-8.2229,-6.3201
78,H,A,S,78,4.3126,-1.7177,-9.2257,-4.1272,-5.1528,-4.6961,-3.9115,-6.3997,-5.4715,-6.1234,-4.5580,-5.9475,-4.5570,-4.7970,-5.8412,-5.3560,-0.5138,-3.1095,-2.7526,-5.3441,-4.5614
79,H,K,K,79,1.5693,-5.8621,-12.3816,-8.4103,-4.0543,-10.6300,-7.4302,-8.7249,-9.4145,-0.0987,-5.4286,-5.4133,-6.4712,-18.1336,-4.4705,-2.9928,-8.2279,-8.1107,-9.1289,-10.3883,-10.5945
80,H,N,N,80,1.9730,-7.5954,-10.6370,-1.6180,-5.2668,-8.8717,-6.5432,-6.9342,-8.4293,-7.0853,-9.8496,-9.3211,-0.2590,-11.6256,-8.1140,-8.5008,-4.4910,-4.8959,-7.3880,-8.0094,-8.0672
81,H,T,T,81,8.3133,-3.9982,-6.1257,-3.1850,-2.6645,-6.2648,-8.4215,-2.3693,-5.0223,-3.7087,-3.3867,-3.9943,-1.9738,-14.9655,-3.7597,-3.6889,-1.8232,-1.1038,-6.1731,-6.3198,-5.2517
82,H,V,A,82,5.9423,-1.1687,-5.1947,-5.3281,-5.1434,-6.0132,-4.1449,-6.6905,-4.3960,-8.4197,-1.2959,-2.8846,-4.5593,-9.7068,-5.2472,-7.8309,-4.6418,-2.3358,-1.6751,-9.5233,-6.5370
83,H,Y,Y,83,1.5374,-10.0417,-8.7888,-8.4461,-8.8588,-2.3183,-11.6473,-4.3898,-9.9682,-9.0155,-8.4068,-9.2866,-5.9654,-16.0899,-9.0788,-8.9976,-7.1419,-9.5286,-9.1135,-7.4953,-0.1236
84,H,L,L,84,1.0024,-12.6729,-14.1961,-14.6368,-14.1176,-9.8806,-13.6843,-13.7975,-11.8931,-15.8157,-0.0002,-8.9353,-14.6378,-16.7510,-12.9978,-14.7383,-13.3759,-15.3043,-10.6469,-13.6493,-13.5059
85,H,Q,Q,85,1.1492,-8.6831,-12.7827,-6.7610,-4.6258,-10.4452,-9.4325,-4.9549,-12.2950,-6.6015,-7.3176,-10.1279,-7.9322,-12.3650,-0.0222,-6.9685,-9.1603,-9.6441,-9.9826,-10.3529,-9.7454
86,H,M,M,86,1.0402,-6.4390,-9.4141,-14.7703,-12.1738,-12.0485,-10.0256,-17.7177,-6.3596,-14.4873,-6.9745,-0.0051,-13.7887,-15.5383,-11.8258,-14.2787,-9.8113,-9.8618,-7.5396,-14.4901,-18.9152
87,H,N,N,87,1.0815,-8.7589,-12.5660,-5.4016,-9.3240,-9.8485,-8.2545,-7.8754,-9.9266,-7.2790,-9.6411,-9.4666,-0.0109,-13.9639,-9.6537,-7.7562,-5.7299,-7.3574,-11.1507,-11.7845,-9.1516
88,H,S,S,88,3.6018,-4.6772,-8.0894,-4.5002,-6.3019,-6.5228,-2.9342,-6.5253,-6.7226,-5.3931,-5.3970,-6.7162,-1.2411,-8.2116,-6.0609,-3.6416,-0.5869,-3.4500,-6.7266,-7.2100,-6.0997
89,H,L,L,89,1.0016,-12.4916,-14.5011,-16.3102,-14.0384,-12.8240,-13.1367,-15.5302,-12.3948,-12.4069,-0.0001,-9.5180,-15.4526,-12.7658,-13.1335,-13.3935,-15.8994,-15.1666,-10.0944,-15.3387,-17.4570
90,H,K,R,90,1.7907,-6.6444,-10.8292,-9.3407,-7.2658,-10.6381,-8.1972,-8.2258,-9.0438,-1.6679,-6.5986,-7.3674,-7.8483,-11.8047,-5.4251,-0.2264,-8.1976,-5.5776,-8.5160,-9.4793,-10.0717
91,H,P,T,91,6.3204,-2.4839,-9.1413,-5.0365,-3.1806,-5.5980,-4.9846,-7.9479,-3.1392,-5.0314,-4.8148,-5.3932,-5.3273,-1.4032,-5.8031,-5.3139,-4.5483,-1.2145,-1.4899,-7.4276,-5.8224
92,H,E,E,92,1.3433,-6.0352,-12.7427,-2.7573,-0.0739,-9.9846,-6.1681,-9.9884,-10.2144,-9.9050,-9.0955,-8.6139,-9.7569,-9.9008,-6.6538,-10.0715,-8.9119,-9.6924,-6.8199,-11.1232,-10.5045
93,H,D,D,93,1.0025,-12.6749,-14.5388,-0.0002,-9.2675,-12.3676,-13.8663,-10.0201,-14.2423,-16.9162,-14.0678,-11.6081,-9.6758,-18.1926,-15.2934,-18.1662,-14.8397,-13.3242,-12.4251,-15.5392,-12.3263
94,H,T,T,94,1.1782,-9.0949,-13.1169,-12.7278,-9.9332,-11.5288,-9.7654,-13.8978,-12.2610,-11.7099,-12.2036,-8.9910,-12.1114,-15.4435,-11.1801,-11.2076,-3.2863,-0.0385,-14.1510,-13.5713,-12.6506
95,H,A,A,95,1.0039,-0.0004,-11.8745,-11.9301,-16.0812,-15.3336,-10.9260,-16.8363,-18.2846,-17.4606,-16.8667,-14.8057,-13.9313,-16.4503,-18.4730,-16.7666,-7.9369,-11.5311,-11.2037,-18.8360,-15.8917
96,H,V,V,96,2.2710,-6.1900,-9.9333,-6.2640,-6.5402,-5.2052,-8.6320,-8.7458,-2.6288,-6.2728,-2.8279,-3.9698,-8.1878,-12.8619,-7.8808,-5.0224,-7.2314,-4.0247,-0.2142,-5.8395,-7.2686
97,H,Y,Y,97,1.0399,-12.8742,-10.9021,-12.5692,-14.6153,-5.1448,-15.2326,-8.5327,-11.5190,-14.2575,-10.3158,-13.0284,-11.6268,-16.6987,-14.6411,-13.7265,-11.9230,-13.4212,-11.0172,-11.5049,-0.0062
98,H,Y,Y,98,1.4734,-11.0338,-10.3971,-9.1174,-9.2704,-2.2507,-11.5594,-5.4261,-8.7741,-10.2035,-7.6610,-9.8202,-8.3180,-16.2705,-9.7748,-8.9801,-7.5094,-8.3509,-8.6341,-8.8495,-0.1191
99,H,C,C,99,1.0074,-8.8659,-0.0008,-13.7310,-16.3038,-13.1352,-7.5685,-14.9486,-14.8367,-16.8331,-15.7940,-14.1717,-12.2643,-13.0408,-15.7192,-16.5722,-8.9581,-12.6074,-13.3244,-13.5152,-14.9084
100,H,N,N,100,4.5243,-1.3085,-6.4605,-2.8153,-5.2656,-8.0747,-3.0466,-5.2929,-7.3999,-6.0268,-5.0769,-5.6676,-0.7683,-9.2860,-6.0607,-6.0099,-2.1842,-4.2236,-6.7394,-10.2875,-7.6607
101,H,G,N,101,9.3198,-2.2781,-4.7082,-3.1815,-4.7515,-5.7560,-2.3377,-3.8367,-4.8119,-4.7487,-6.2614,-4.3031,-1.4644,-6.2504,-3.4871,-4.3808,-1.5547,-1.9493,-3.1035,-7.4463,-4.6571
102,H,A,A,102,1.4615,-0.0853,-6.9378,-5.7246,-6.1094,-8.0691,-5.4191,-7.6725,-12.9650,-8.6682,-8.5845,-7.0170,-5.7362,-8.0658,-6.9988,-6.8154,-2.8024,-6.1809,-8.9659,-8.4648,-8.3623
103,H,S,P,103,14.6260,-2.9309,-7.2559,-2.2508,-2.6945,-5.3210,-3.7880,-3.8406,-3.6767,-2.9262,-3.4149,-4.4555,-2.6445,-1.9513,-3.7775,-2.0920,-2.6518,-2.4524,-2.9687,-4.5853,-3.7719
104,H,E,S,104,8.2028,-2.9953,-5.7547,-2.6062,-4.2499,-5.6367,-2.6711,-4.7040,-4.3186,-4.7007,-4.9166,-5.1609,-1.6846,-7.8931,-4.2624,-2.7974,-1.0674,-2.1862,-4.6026,-6.5686,-4.3547
105,H,I,I,105,2.1876,-6.2130,-8.1739,-6.7124,-6.6255,-9.0119,-6.2219,-9.5972,-0.2310,-7.5257,-4.0729,-5.4050,-5.8447,-4.6543,-7.4346,-6.9501,-6.6035,-3.6050,-2.0124,-7.3983,-7.7968
106,H,G,Y,106,15.5915,-2.4887,-6.9099,-2.7087,-2.1650,-3.1349,-3.0800,-3.7703,-2.8118,-4.2558,-2.3743,-3.7055,-3.5407,-6.4079,-3.4018,-2.9510,-3.1950,-2.8437,-2.4983,-4.1751,-2.1443
107,H,A,D,107,9.2412,-2.3549,-7.6865,-1.2344,-1.6073,-3.5906,-4.3499,-3.9667,-7.2625,-4.4214,-3.3087,-4.8625,-3.1734,-5.8875,-3.3416,-3.5924,-2.1983,-5.3634,-6.6533,-4.3280,-2.8293
108,H,L,L,108,1.2167,-7.1405,-9.0897,-8.7694,-8.6878,-6.5856,-7.2884,-6.0329,-4.0037,-8.7482,-0.0323,-6.9693,-5.8044,-9.7941,-8.1391,-7.7970,-7.0013,-8.1014,-7.8794,-7.4121,-7.1037
109,H,Q,V,109,10.5097,-2.2861,-6.0387,-4.9596,-3.3044,-5.4007,-4.1653,-4.5965,-3.1223,-2.7744,-4.6975,-3.7463,-3.9313,-9.1682,-2.8055,-2.1211,-3.0911,-2.4083,-1.1799,-4.7173,-3.4695
110,H,S,S,110,10.4212,-2.2100,-6.6911,-3.5935,-3.5597,-4.5116,-2.6668,-4.2843,-6.7329,-3.3246,-3.1368,-3.6022,-3.3759,-8.0079,-2.5019,-1.7553,-1.2950,-3.4445,-6.2223,-4.7906,-3.6658
111,H,G,G,111,1.0533,-8.7908,-11.9399,-6.9184,-6.9348,-9.7978,-0.0061,-8.1618,-9.3859,-9.2888,-7.4405,-9.8901,-6.6574,-10.2654,-7.6869,-8.0822,-7.9159,-9.5260,-9.9884,-9.2357,-8.6390
112,H,A,Y,112,11.9338,-3.4175,-7.1318,-3.1222,-2.9000,-2.8981,-3.8818,-2.9198,-5.2743,-3.5665,-2.7836,-4.6768,-2.7857,-7.9485,-3.2977,-2.6582,-2.4550,-3.5375,-4.8557,-3.2279,-1.1984
113,H,S,Y,113,4.3693,-4.9984,-7.6292,-5.9497,-6.7689,-1.6645,-5.4972,-1.9788,-7.3998,-5.9671,-4.5585,-5.8501,-4.3778,-8.5227,-6.6734,-5.4307,-5.1135,-5.7519,-6.0715,-2.3453,-0.6633
114,H,L,L,114,5.3820,-4.6865,-6.8842,-3.9146,-4.4115,-2.5770,-4.6396,-4.7651,-2.2364,-5.2413,-0.5624,-2.4511,-4.2426,-6.6497,-4.1613,-4.9324,-4.1655,-4.6015,-4.4454,-5.2243,-4.2566
115,H,W,D,115,1.4172,-7.0543,-8.9323,-0.0640,-3.6496,-6.9381,-6.2609,-5.1157,-8.0102,-9.4305,-8.2655,-8.7931,-4.4842,-8.5317,-6.2272,-9.1350,-7.1030,-7.5128,-6.0079,-7.9312,-4.8817
116,H,S,Y,116,7.5636,-3.0858,-5.1535,-3.6689,-4.2679,-3.2675,-3.3749,-2.4307,-5.9031,-5.3955,-4.9079,-6.5601,-3.3435,-3.3016,-4.7862,-4.9105,-2.0743,-4.1024,-3.9245,-3.8698,-0.7722
117,H,W,W,117,1.6722,-7.0545,-10.9725,-8.1472,-9.4232,-4.7653,-9.0025,-6.7996,-7.7185,-6.9284,-2.2188,-6.3974,-7.9653,-6.3973,-7.2943,-5.5381,-7.6568,-8.2828,-6.8993,-0.1437,-5.9165
118,H,G,G,118,1.0036,-10.3528,-12.3065,-9.4789,-11.7601,-14.8346,-0.0003,-13.0462,-14.3526,-14.2779,-12.3358,-15.1939,-11.3884,-9.0638,-13.1953,-13.0834,-9.6360,-13.0150,-12.4773,-13.3531,-14.1032
119,H,Q,Q,119,1.6626,-5.5920,-9.8673,-7.5614,-5.8978,-8.2317,-5.2577,-5.2417,-7.3755,-4.6834,-4.8988,-6.7550,-5.9270,-4.0042,-0.0954,-3.6234,-6.0355,-5.9164,-6.9087,-7.9513,-7.3057
120,H,G,G,120,1.0001,-12.5504,-16.7383,-15.2831,-15.6551,-19.6205,-0.0000,-18.1438,-21.6505,-15.7945,-16.4683,-19.0660,-16.2486,-16.9516,-16.8377,-14.7403,-15.5309,-17.6460,-16.6070,-17.7452,-18.4460
121,H,T,T,121,1.1814,-5.0848,-11.0060,-12.0595,-11.2127,-12.5828,-9.6326,-14.1866,-11.1774,-11.1051,-13.3694,-12.1802,-10.1290,-13.6107,-12.3750,-11.6580,-3.6017,-0.0344,-8.5632,-14.3875,-13.7141
122,H,Q,L,122,1.9244,-4.7413,-8.8666,-5.8516,-5.2809,-7.4150,-6.3023,-7.3890,-6.8474,-6.4110,-0.1379,-4.2945,-7.1041,-2.9863,-5.1302,-5.0656,-5.8949,-4.9226,-4.0152,-7.3961,-7.7871
123,H,V,V,123,1.0201,-11.7801,-14.1497,-16.0064,-14.1947,-14.2774,-12.7399,-15.6598,-6.8569,-14.8511,-6.5443,-12.0042,-14.6736,-15.3617,-15.2758,-14.9427,-15.7012,-10.0778,-0.0026,-16.1534,-15.5936
124,H,T,T,124,2.6363,-6.3999,-9.8593,-6.5274,-7.2537,-8.2025,-9.9986,-9.0635,-1.1388,-7.2403,-6.1133,-6.2712,-5.4657,-11.0195,-7.7137,-8.1872,-5.1495,-0.5177,-2.7506,-9.6254,-9.3875
125,H,V,V,125,1.0140,-9.4966,-12.0929,-17.5139,-14.8176,-14.8788,-14.2648,-18.0173,-6.5322,-14.9293,-12.1139,-11.6403,-14.8109,-14.6809,-15.4727,-13.3196,-13.4037,-8.5561,-0.0018,-16.9327,-16.2025
126,H,S,S,126,1.4943,-5.1137,-7.2786,-6.5246,-8.1378,-5.6361,-8.5698,-8.3284,-4.8325,-6.3439,-4.9612,-7.2291,-6.0733,-9.9770,-7.6850,-6.4854,-0.0717,-4.1345,-4.0257,-9.2558,-6.9021
127,H,S,S,127,2.4438,-1.7886,-7.6097,-6.0819,-7.5523,-10.2088,-2.1822,-9.1249,-9.3204,-7.1145,-8.8324,-8.6161,-6.6912,-8.3657,-7.1390,-5.4852,-0.3512,-5.4812,-7.2049,-10.3145,-8.6724
1,A,E,Q,1,3.8686,-2.5765,-5.6352,-7.6596,-5.1787,-9.9385,-7.5090,-7.7507,-3.1606,-8.9793,-4.6421,-6.4251,-6.6176,-5.4655,-0.5130,-7.6564,-2.0520,-4.5180,-2.1608,-11.3921,-9.0551
2,A,E,L,2,1.8972,-3.6941,-7.1061,-7.3436,-7.8013,-5.4204,-5.6385,-8.8321,-4.1265,-9.4820,-0.1338,-5.7915,-5.4269,-3.7577,-6.7633,-8.8678,-3.4667,-6.3334,-4.9247,-9.5240,-6.3819
3,A,F,F,3,2.3092,-3.8206,-5.5427,-8.6944,-8.9746,-0.2685,-9.3044,-5.6915,-7.1799,-10.6856,-5.4283,-9.2248,-6.4129,-9.5846,-9.0400,-10.6617,-3.1773,-5.3733,-6.1751,-7.0297,-1.9006
4,A,P,P,4,1.6691,-3.1943,-9.0948,-5.9320,-3.5284,-7.5392,-8.0665,-8.2808,-8.2420,-7.0269,-4.9645,-6.7613,-7.8234,-0.1081,-5.6727,-7.3914,-4.8304,-5.8370,-5.7074,-9.4923,-8.3689
5,A,V,V,5,1.2623,-9.4503,-8.5027,-10.9914,-8.3806,-13.2845,-12.4683,-12.5912,-3.5074,-7.5651,-5.7187,-8.4503,-7.5425,-13.4601,-7.9005,-6.4924,-8.5906,-4.8970,-0.0456,-13.0899,-13.3122
6,A,P,P,6,1.9008,-3.9042,-8.4614,-7.4539,-4.4934,-7.3658,-7.6136,-9.3930,-6.1884,-10.4290,-6.2538,-7.9159,-8.1849,-0.1519,-6.7056,-9.5798,-4.1894,-2.7764,-3.7319,-9.5264,-8.3371
7,A,N,S,7,3.0218,-2.5136,-9.4284,-3.7738,-3.4124,-4.7522,-6.4281,-7.3234,-7.7018,-5.1426,-4.5714,-8.3499,-6.5791,-3.5810,-6.0494,-4.7542,-0.2901,-4.3569,-3.4747,-7.8511,-5.9327
8,A,G,G,8,1.9372,-3.5109,-8.1989,-3.2300,-5.4134,-4.9427,-0.1383,-5.5609,-9.8119,-7.4982,-5.3760,-8.9640,-5.4934,-9.8331,-6.4665,-5.6801,-4.6916,-6.0507,-5.5744,-7.1082,-4.3166
9,A,F,F,9,2.2669,-5.7979,-6.8704,-7.3706,-5.0477,-0.1977,-7.7849,-5.3251,-7.4575,-3.4898,-3.0034,-3.2060,-7.3116,-15.3239,-4.6100,-7.5015,-6.6431,-8.4578,-6.5627,-8.0414,-3.6003
10,A,E,S,10,4.9132,-3.0013,-7.6778,-5.3125,-3.9350,-6.0201,-6.0642,-5.7327,-3.2777,-5.1356,-4.6748,-5.6867,-4.9774,-7.3372,-4.6938,-2.8201,-0.7699,-1.2218,-3.6923,-8.4043,-6.3104
11,A,S,A,11,3.0080,-0.4188,-5.7734,-6.8846,-6.5843,-4.4416,-4.3772,-6.5229,-7.9680,-6.4074,-2.2980,-5.6611,-5.4098,-7.5965,-7.0171,-6.0932,-1.6666,-6.3471,-6.0629,-7.5885,-5.7062
12,A,A,S,12,9.8647,-2.2608,-5.2832,-3.8218,-4.2569,-2.5494,-4.0528,-3.6519,-6.5268,-2.1190,-1.7915,-4.1249,-3.4239,-7.6966,-4.3418,-2.3874,-1.3697,-3.6770,-4.7110,-9.2802,-6.1318
13,A,Y,R,13,7.1795,-3.1078,-7.7105,-8.5449,-5.9738,-2.7736,-6.0713,-3.4665,-7.6484,-3.6926,-3.5638,-5.7874,-5.7086,-10.0336,-4.1857,-0.8254,-2.5275,-2.6141,-5.3122,-2.5358,-2.2487
14,A,R,I,14,5.1440,-4.8646,-6.0801,-4.8243,-3.8192,-4.7163,-5.2130,-3.9796,-0.6151,-5.2370,-2.1032,-5.6275,-6.8244,-7.6075,-5.1813,-3.9522,-4.0924,-2.7122,-1.9888,-7.3839,-4.7813
15,A,E,S,15,6.9655,-4.0659,-7.3066,-3.7484,-3.6937,-4.8823,-5.6684,-6.4734,-3.2502,-2.4164,-5.2452,-4.8764,-2.4598,-4.9848,-4.2149,-3.0241,-0.7739,-2.0239,-3.9317,-5.9078,-4.7218
16,A,V,I,16,2.7039,-9.7618,-10.0516,-10.0091,-6.0345,-10.7124,-10.4353,-12.2208,-0.7888,-8.8098,-9.5791,-8.4381,-7.6310,-12.1857,-8.3489,-8.5475,-5.5163,-2.3411,-0.8178,-11.6272,-12.3912
17,A,D,D,17,7.7001,-3.2535,-6.8249,-1.1688,-1.9482,-6.1904,-1.7730,-4.7013,-8.2777,-3.2483,-3.7324,-6.5761,-2.4437,-9.6183,-4.1728,-3.7444,-2.0788,-4.9633,-7.2749,-7.3450,-6.0904
18,A,G,G,18,1.0164,-10.2816,-11.4948,-9.0778,-8.1204,-12.0649,-0.0018,-11.3436,-13.0681,-9.3366,-11.1574,-12.4963,-10.5095,-17.1955,-9.8363,-7.5921,-7.4800,-11.0709,-11.3893,-12.3365,-11.8668
19,A,V,V,19,2.7525,-5.5397,-6.6766,-7.7494,-4.1916,-8.7043,-9.5853,-6.1514,-3.6637,-4.0291,-8.9935,-7.2257,-3.8125,-19.6920,-5.7013,-8.3219,-5.6612,-1.4863,-0.3903,-10.3883,-7.9845
20,A,K,R,20,9.0753,-4.2363,-6.6085,-7.1458,-5.8081,-4.7680,-6.3280,-5.9655,-4.2982,-2.8515,-1.9172,-3.5401,-3.5971,-3.1400,-3.7164,-1.2663,-1.9390,-2.0506,-2.7411,-5.8528,-5.6834
21,A,L,L,21,2.3540,-9.0142,-11.8690,-15.9717,-13.3469,-5.7277,-13.7395,-12.7218,-1.9933,-9.3075,-0.3034,-3.0642,-10.2724,-17.4777,-10.0484,-11.1026,-9.9733,-10.0644,-2.5891,-10.6194,-10.9337
22,A,H,S,22,4.5628,-1.3957,-5.3488,-3.8040,-9.2512,-5.6290,-2.3812,-4.0030,-12.7831,-11.3039,-9.9526,-11.1351,-1.3472,-13.4597,-8.0773,-9.5365,-1.0601,-6.3712,-9.7277,-8.3216,-6.1822
23,A,Y,F,23,2.1445,-10.5920,-10.8166,-14.6941,-12.8560,-0.5677,-13.8041,-6.3218,-9.9105,-12.0177,-4.9253,-7.7704,-12.0252,-18.2063,-10.3970,-12.1904,-10.1917,-12.3331,-10.7642,-5.4185,-0.8697
24,A,V,I,24,3.3400,-7.5182,-8.3484,-10.7625,-5.5617,-6.6320,-9.5152,-7.3098,-0.6752,-2.5593,-4.8027,-5.7203,-6.2779,-14.5331,-4.0178,-5.0950,-6.8572,-4.2803,-1.0439,-10.5589,-6.0254
25,A,K,R,25,4.5029,-2.5475,-7.8625,-10.2867,-6.7915,-6.5640,-7.0682,-8.1776,-3.7690,-1.0493,-7.0692,-4.3517,-6.5136,-11.5189,-5.9756,-0.8806,-3.0986,-3.3056,-3.5165,-8.8896,-7.6817
26,A,G,G,26,1.0315,-12.6863,-9.4524,-14.8743,-11.1168,-10.5503,-0.0039,-9.0829,-14.0484,-8.2445,-11.0288,-11.6978,-9.4491,-14.1188,-6.1200,-7.2289,-8.1249,-11.3426,-15.1581,-11.3914,-10.4101
27,A,G,G,27,1.0103,-8.1056,-13.3019,-12.8956,-11.6126,-13.0751,-0.0011,-13.9282,-12.7994,-10.0070,-9.0737,-14.8951,-12.4641,-11.4701,-11.5650,-7.5878,-10.0536,-12.8340,-10.2286,-13.6387,-14.8570
28,A,Q,S,28,4.3153,-4.7137,-7.1410,-9.0194,-5.0144,-5.8143,-8.4695,-4.2054,-5.2468,-3.5972,-4.6962,-6.6572,-4.8378,-9.8355,-1.1864,-2.5263,-0.7196,-3.4560,-6.4215,-5.0777,-5.9336
29,A,G,G,29,1.0117,-10.3799,-13.3816,-7.9754,-9.3007,-12.3361,-0.0012,-11.2647,-11.6820,-9.0980,-13.0680,-15.2436,-9.6128,-12.8068,-11.5642,-8.0716,-9.5530,-11.6533,-9.2302,-12.5190,-11.6538
30,A,P,P,30,4.3155,-2.7307,-8.3240,-3.9053,-4.7169,-6.3079,-3.6900,-6.7587,-8.2599,-5.3344,-5.0204,-7.8645,-3.4045,-0.5240,-5.4274,-2.8571,-1.8310,-4.1486,-8.7866,-7.3478,-6.5282
31,A,L,L,31,1.0927,-10.0616,-11.7586,-10.9096,-11.9089,-7.0639,-10.5937,-10.8391,-8.1668,-8.5898,-0.0136,-7.4339,-9.6950,-11.5641,-10.8475,-5.7669,-10.4679,-10.1052,-4.8233,-9.7318,-9.6863
32,A,V,V,32,2.4294,-5.3550,-10.8064,-12.2580,-9.0723,-10.1894,-9.4014,-11.7629,-1.1231,-8.8858,-4.3875,-7.5659,-10.0947,-11.4555,-8.1359,-8.6381,-8.5245,-3.2085,-0.4853,-12.3763,-10.8967
33,A,M,L,33,3.9058,-4.4082,-6.8805,-8.6255,-7.4403,-4.5597,-7.2557,-9.0175,-1.8670,-6.1704,-0.6285,-3.5960,-7.0016,-7.5278,-5.4976,-8.9498,-4.7845,-3.6558,-1.5307,-11.0321,-6.9763
34,A,L,L,34,3.1671,-7.8447,-5.5794,-9.6331,-6.7935,-1.6319,-7.3878,-5.4889,-6.1425,-5.6155,-0.4723,-2.5325,-6.0828,-13.2895,-6.1331,-7.6103,-7.1121,-8.9821,-7.4364,-8.2324,-2.5411
35,A,V,I,35,6.5229,-5.9159,-5.8851,-6.9049,-4.7654,-5.7674,-5.4818,-6.5072,-1.2835,-5.3252,-2.6254,-5.7847,-2.5624,-13.2876,-5.2877,-7.2088,-1.4057,-1.9812,-1.9083,-8.8004,-5.4432
36,A,H,H,36,5.4367,-4.4950,-5.6960,-5.0988,-5.8658,-4.6489,-3.9822,-0.8008,-10.0596,-4.0484,-8.0464,-7.1275,-1.4553,-2.4089,-4.4818,-4.4648,-2.3159,-5.7759,-10.4941,-8.5011,-3.4217
37,A,G,G,37,1.7003,-6.3322,-9.8682,-4.4426,-2.5251,-12.5422,-0.1339,-8.0277,-11.0573,-7.8767,-9.5463,-9.4273,-5.9422,-7.8700,-3.8695,-5.5933,-5.8927,-7.9257,-9.4907,-12.0322,-11.3458
38,A,F,L,38,12.6101,-3.4078,-7.4840,-3.3361,-2.1793,-1.9820,-2.7789,-4.1169,-2.0588,-4.8103,-1.6359,-4.4580,-2.8135,-6.4288,-3.9405,-4.6728,-3.5647,-3.7083,-3.0895,-3.4914,-3.2157
39,A,G,G,39,1.3546,-6.7914,-7.8968,-7.6948,-7.5441,-6.0929,-0.0537,-7.0882,-8.1587,-7.9137,-5.9919,-7.0674,-4.8666,-8.0282,-7.8970,-6.0396,-3.6626,-5.4854,-9.3043,-7.5690,-6.5034
40,A,Q,N,40,4.0350,-5.5162,-6.1653,-3.2410,-4.0459,-5.6390,-4.0834,-5.1046,-6.0692,-4.6815,-5.9244,-6.7753,-0.5849,-13.5393,-6.2856,-4.9606,-1.4489,-2.4230,-7.2772,-7.6182,-5.3579
41,A,T,S,41,1.8811,-5.6558,-8.2270,-4.1102,-8.3127,-9.4125,-2.3608,-8.9297,-8.1633,-9.5569,-8.7603,-8.6762,-4.3561,-10.3655,-10.2478,-6.5041,-0.1697,-3.6946,-6.9213,-9.8732,-8.9448
42,A,W,A,42,3.2161,-0.3323,-6.4772,-7.3868,-6.6497,-3.0572,-5.1134,-5.4558,-5.9085,-5.0054,-3.4844,-5.7752,-4.3923,-8.7539,-7.2940,-5.0477,-2.1462,-4.2571,-5.1029,-4.4774,-4.5461
43,A,Y,S,43,8.1536,-3.5554,-5.0099,-4.0652,-6.3437,-1.9683,-2.0832,-2.4390,-4.5209,-5.4749,-5.7522,-4.7432,-2.3310,-10.5012,-7.1871,-3.9042,-1.0803,-4.8909,-5.5034,-4.3237,-2.4659
44,A,E,I,44,5.5928,-3.7492,-5.9599,-5.0644,-3.0740,-4.8040,-5.5185,-6.6311,-0.6279,-3.1187,-4.6116,-4.4967,-3.1389,-9.5341,-3.5207,-5.4698,-3.7114,-3.3509,-1.7992,-8.0338,-5.0562
45,A,W,F,45,3.1529,-2.6489,-7.5501,-6.9306,-9.6182,-0.4082,-5.1269,-4.2953,-9.0084,-4.9526,-5.9493,-8.0993,-5.7346,-7.4606,-8.6913,-8.7786,-5.2076,-6.8843,-7.1314,-1.8534,-2.7323
46,A,H,N,46,3.6530,-4.6812,-6.7666,-4.8137,-4.4081,-6.8214,-3.1270,-5.0187,-6.3013,-3.1513,-6.9125,-5.0485,-0.3813,-12.2069,-5.6041,-3.3584,-2.4347,-2.9341,-5.7985,-9.6700,-8.0123
47,A,Q,E,47,12.4661,-5.4061,-5.5708,-3.8694,-1.6644,-2.8935,-3.9785,-1.9109,-4.3646,-1.9386,-3.0977,-4.7090,-2.9447,-3.1769,-2.4093,-3.1868,-4.3530,-4.2621,-4.6580,-4.2171,-2.6314
48,A,L,I,48,4.9459,-1.9206,-7.8913,-5.7608,-5.7337,-6.4743,-6.1651,-4.5806,-1.0759,-6.2919,-2.2891,-6.5048,-3.5451,-4.9748,-7.4897,-8.3985,-6.8835,-4.2737,-1.0972,-9.5922,-6.3520
49,A,M,A,49,1.8049,-0.1326,-8.6881,-10.9000,-7.2053,-9.5768,-5.6393,-13.5373,-6.3292,-7.7128,-3.6340,-3.2949,-8.9185,-9.8371,-9.0124,-9.1315,-4.9212,-3.6991,-3.8411,-12.4609,-12.4799
50,A,P,P,50,1.0896,-8.8998,-11.4561,-7.1510,-7.4550,-9.2341,-6.8620,-8.7000,-7.0672,-6.1065,-6.3392,-8.4498,-7.9650,-0.0108,-8.4729,-8.5892,-8.5847,-7.5022,-6.6270,-10.2164,-9.7109
51,A,E,K,51,5.1368,-4.0175,-10.3530,-5.5046,-1.1679,-7.1616,-4.9109,-4.1537,-3.9755,-0.8132,-3.4727,-5.8183,-6.6748,-7.3862,-2.8097,-3.4555,-4.8659,-3.7686,-3.9753,-9.9968,-5.6412
52,A,L,L,52,1.3926,-3.9770,-10.9019,-11.3171,-7.7631,-7.6713,-8.2588,-11.5726,-5.7610,-5.6851,-0.0665,-5.7487,-10.5551,-12.3362,-10.1661,-6.0580,-8.6734,-7.9430,-3.4519,-9.9085,-11.6233
53,A,A,A,53,2.0590,-0.2684,-9.4798,-9.8437,-7.8062,-12.9493,-2.0185,-11.3174,-13.5273,-8.4421,-11.9101,-10.4152,-6.6404,-10.9363,-8.7818,-9.8765,-2.3015,-9.3622,-12.4810,-14.6767,-14.7578
54,A,K,E,54,8.7595,-1.9049,-8.5285,-2.0145,-1.3962,-7.3127,-3.7994,-5.3926,-5.7110,-1.9284,-5.5581,-5.2672,-2.6795,-6.7397,-4.0036,-4.0004,-2.2185,-2.9047,-4.3555,-6.7205,-7.1095
55,A,R,R,55,7.2733,-5.1588,-6.9986,-3.9285,-3.6678,-4.6327,-6.1856,-2.4836,-6.9285,-3.0884,-6.4919,-8.0186,-2.6513,-5.7117,-4.2943,-1.0535,-2.0107,-1.6254,-6.7226,-7.6813,-3.3269
56,A,F,F,56,1.6476,-11.6249,-8.8292,-13.1245,-12.1536,-0.2046,-13.7590,-6.7049,-13.8970,-7.7731,-10.1041,-10.8225,-7.6376,-15.5188,-11.6604,-7.8162,-9.9116,-9.6512,-12.0788,-9.6105,-1.7032
57,A,T,T,57,1.9182,-6.6503,-8.6318,-8.0698,-6.7375,-6.0360,-7.6693,-5.6492,-6.3206,-2.8992,-5.5831,-6.4916,-5.6188,-8.1672,-5.3221,-3.5790,-3.6094,-0.1481,-7.3897,-7.6225,-6.6393
58,A,V,V,58,1.1680,-9.6870,-10.4469,-15.3468,-14.9769,-9.8536,-9.2664,-15.8529,-3.4996,-14.2057,-8.3140,-7.2383,-11.5373,-14.5285,-15.7184,-13.5913,-11.9361,-6.7841,-0.0331,-12.1231,-14.9529
59,A,I,T,59,2.9011,-8.5988,-10.4708,-8.4929,-7.7420,-7.8314,-10.8858,-7.4086,-1.3548,-3.7254,-6.0805,-4.9372,-4.8746,-10.0305,-7.0628,-5.5828,-2.8019,-0.4666,-5.1169,-9.1565,-8.0315
60,A,A,A,60,1.1381,-0.0211,-7.6722,-11.0166,-11.1301,-11.0323,-6.1258,-12.3222,-8.5725,-11.0977,-11.0264,-7.4599,-8.6543,-11.9003,-11.5793,-10.8131,-4.4102,-5.6202,-6.6207,-15.6591,-10.8051
61,A,P,P,61,1.2043,-5.8825,-7.1951,-8.6576,-8.1999,-5.9550,-9.1185,-6.1917,-6.6043,-8.7495,-5.2920,-6.5151,-6.3716,-0.0261,-7.4660,-9.9523,-6.2987,-7.2715,-6.1400,-7.1929,-6.7000
62,A,D,S,62,3.2713,-4.7140,-7.9558,-1.0018,-5.7661,-7.2060,-7.5477,-6.4601,-10.8876,-9.3396,-9.2998,-8.0391,-1.9383,-14.0546,-8.6188,-9.9168,-0.7914,-4.2222,-10.6050,-7.0561,-5.5117
63,A,L,L,63,1.1722,-6.9328,-9.6399,-10.5653,-9.9187,-6.7723,-9.9827,-8.7716,-4.5047,-8.8335,-0.0252,-4.9937,-7.4553,-10.8567,-8.3115,-9.3077,-6.4835,-8.3383,-6.5059,-9.1455,-8.6275
64,A,P,P,64,1.1032,-4.1865,-10.6519,-12.8758,-9.3123,-9.6061,-10.2332,-11.0509,-10.6006,-8.7852,-7.8208,-9.8728,-11.4711,-0.0174,-8.6990,-8.0731,-7.5054,-9.4519,-9.8265,-12.0415,-10.3904
65,A,G,G,65,1.0004,-12.3134,-15.3450,-14.0032,-14.1985,-13.6907,-0.0000,-15.2185,-15.8424,-14.4050,-14.4877,-15.4410,-13.6606,-14.9090,-16.1661,-12.8883,-12.0165,-15.6557,-15.0603,-14.4539,-11.9288
66,A,L,L,66,1.9384,-6.1682,-9.1383,-6.5796,-6.4126,-5.7936,-6.6654,-6.3838,-6.4370,-3.7161,-0.1420,-3.6296,-4.8869,-12.4186,-5.4841,-3.1937,-6.6193,-6.7245,-8.9923,-6.3845,-4.4574
67,A,G,G,67,1.0003,-11.1849,-16.4880,-14.8903,-13.8747,-16.1833,-0.0000,-17.2353,-14.8002,-13.7162,-13.6361,-17.6979,-13.6177,-15.2216,-16.4155,-14.1963,-12.4987,-16.6034,-13.8504,-19.5375,-17.2673
68,A,Q,S,68,6.0122,-3.8205,-6.3703,-3.1206,-3.4713,-6.8675,-1.2608,-6.3917,-9.1668,-2.7132,-3.9497,-6.1543,-2.3835,-10.3968,-3.9260,-3.4385,-0.9735,-5.6338,-10.9757,-7.3663,-6.8014
69,A,S,S,69,1.4617,-2.1724,-8.3348,-11.7876,-11.5626,-13.5706,-6.6217,-13.2872,-14.2755,-11.8759,-11.1461,-11.9576,-7.9316,-12.4845,-12.8145,-10.0467,-0.1245,-6.8112,-14.4620,-15.0093,-14.3457
70,A,E,E,70,5.3450,-2.9483,-8.5476,-2.5639,-0.6476,-6.0305,-2.4223,-6.6359,-6.0588,-4.4006,-6.4259,-6.4033,-4.1633,-8.8951,-3.7404,-5.2286,-2.4277,-2.3134,-5.9702,-7.0214,-6.6094
71,A,P,P,71,1.8243,-2.8294,-6.8150,-8.5204,-6.9414,-11.1869,-3.5780,-9.7226,-8.3315,-5.6344,-6.8921,-8.9544,-7.6351,-0.1452,-6.9997,-5.4066,-3.4196,-6.7649,-6.9087,-10.0016,-10.4005
72,A,P,P,72,1.2052,-4.8443,-9.7842,-10.4119,-10.0435,-9.7214,-6.4725,-11.3504,-10.5687,-9.8953,-8.8451,-12.0005,-7.9220,-0.0345,-10.8202,-9.5261,-3.8652,-5.9467,-10.2511,-12.1143,-10.8677
73,A,K,S,73,5.6917,-4.0059,-9.5867,-4.3644,-4.7166,-6.8724,-4.7928,-7.5036,-4.4019,-1.2475,-3.4003,-5.6480,-3.3118,-8.1143,-5.1616,-2.7271,-0.9284,-2.2715,-4.9372,-9.9843,-7.9099
74,A,T,A,74,7.3629,-1.1135,-9.2927,-1.7350,-1.8477,-5.0844,-2.7593,-7.1302,-5.3475,-3.4000,-4.8194,-6.9116,-4.5088,-8.6459,-5.0846,-3.7586,-2.1417,-3.0609,-4.3777,-7.5648,-6.2668
75,A,G,G,75,1.0333,-8.8885,-10.1024,-6.3600,-7.9271,-11.1161,-0.0041,-12.1900,-10.5212,-9.8530,-11.1919,-12.4021,-8.0185,-12.3302,-11.6773,-10.5159,-6.6685,-10.4931,-12.8182,-13.0526,-12.4002
76,A,Y,Y,76,3.4959,-4.6837,-8.3629,-3.9242,-6.9377,-1.2319,-8.1625,-2.6723,-10.8203,-7.6116,-9.6962,-6.8596,-4.0275,-8.7385,-8.4472,-7.6826,-5.3815,-7.9709,-10.2536,-3.2442,-0.6080
77,A,S,S,77,2.6762,-2.4523,-8.4425,-4.0753,-6.8108,-9.8349,-4.8329,-8.7914,-7.5805,-4.7745,-9.1656,-8.4754,-3.4753,-7.3861,-8.1633,-4.3038,-0.2928,-2.4542,-7.5609,-9.7368,-9.2116
78,A,G,G,78,1.0645,-4.8079,-9.7330,-11.1704,-11.8596,-11.5350,-0.0100,-11.7162,-12.8609,-10.0091,-9.4331,-12.3009,-9.1089,-9.3149,-12.1139,-9.6706,-6.7013,-11.1133,-12.7589,-11.9458,-12.3729
79,A,E,S,79,11.5861,-2.1542,-8.3333,-3.1107,-2.9792,-6.0009,-3.1228,-5.3896,-2.9498,-2.3563,-4.1108,-5.3895,-3.8092,-3.8154,-4.2963,-2.3603,-1.6043,-1.8576,-2.9735,-6.0029,-5.0586
80,A,Q,E,80,5.2662,-4.0527,-8.2266,-3.5288,-0.6625,-5.8183,-9.6478,-3.3182,-5.2560,-3.1769,-4.7876,-5.1046,-2.0346,-12.8258,-1.8427,-5.9088,-4.7281,-3.9286,-5.0088,-7.1535,-4.7041
81,A,V,L,81,3.2641,-7.9661,-8.7337,-11.2349,-8.3349,-5.8743,-9.4258,-9.4213,-2.2616,-8.0779,-0.5430,-2.4080,-8.5916,-17.2815,-6.6527,-8.1386,-8.7208,-4.8622,-1.5618,-9.4883,-6.6774
82,A,A,S,82,1.5128,-2.4035,-9.2285,-11.1778,-12.8688,-11.9837,-3.8164,-13.0231,-12.8121,-13.0001,-15.7861,-12.3302,-9.4382,-15.7682,-11.4542,-13.1961,-0.1201,-7.5980,-11.1047,-13.3989,-14.5464
83,A,V,E,83,9.0762,-4.3284,-6.8092,-2.2582,-1.2798,-5.5079,-4.3250,-4.5314,-1.8457,-3.1894,-4.1772,-4.9669,-4.4979,-11.3184,-3.0514,-3.1956,-4.9597,-2.4922,-1.8558,-6.6663,-4.9782
84,A,Y,Y,84,2.7505,-8.1444,-8.3761,-9.0633,-8.6428,-3.2232,-8.0630,-3.1365,-6.0339,-8.0975,-0.9765,-9.4832,-7.2208,-14.6248,-7.3746,-9.3760,-7.6399,-10.6404,-8.2220,-9.9668,-0.6275
85,A,L,L,85,1.9361,-6.3965,-9.7526,-9.4815,-8.5268,-2.4404,-8.7146,-6.9961,-5.0447,-9.8283,-0.1884,-4.9517,-8.9812,-14.0574,-7.5548,-11.2607,-8.8445,-9.3197,-5.9129,-7.7878,-2.7495
86,A,H,K,86,8.5707,-4.0858,-5.8795,-5.0896,-2.7196,-5.2695,-2.2680,-3.3388,-7.9923,-1.1854,-1.7290,-5.1693,-3.3562,-13.0465,-2.8705,-2.0873,-3.9066,-3.5567,-8.7149,-7.3784,-4.5957
87,A,K,E,87,7.7677,-3.0621,-9.5305,-1.9197,-1.0269,-7.9288,-4.6376,-4.3947,-7.0762,-2.9331,-5.9618,-6.4704,-2.1931,-11.5261,-3.0840,-2.5479,-3.2263,-2.4767,-6.6240,-7.6919,-5.0098
88,A,L,L,88,1.3872,-4.8968,-9.4700,-13.0671,-11.5659,-2.8506,-8.9461,-8.4286,-8.9615,-11.9892,-0.0769,-5.5288,-9.7946,-16.0155,-9.9575,-11.2502,-7.4858,-5.8698,-7.9378,-9.6012,-8.2196
89,A,A,A,89,1.1099,-0.0152,-8.0053,-12.5967,-11.4443,-10.1238,-6.1920,-12.1469,-10.0015,-9.4326,-10.0157,-7.1387,-8.8684,-10.4333,-10.5633,-8.8819,-5.5183,-5.2701,-6.1214,-11.2070,-11.9082
90,A,R,T,90,6.1723,-3.9748,-5.9976,-4.9879,-3.7520,-6.6603,-4.8327,-6.3613,-6.5185,-2.5307,-4.0536,-2.3919,-4.1631,-11.3877,-4.3277,-2.9604,-1.3635,-0.9157,-5.0102,-5.7991,-6.6452
91,A,Q,S,91,9.5728,-3.0567,-4.9873,-6.4600,-4.6506,-4.7368,-3.7157,-4.2285,-1.8319,-3.9274,-2.6671,-2.8077,-3.2802,-10.3684,-3.3971,-3.8591,-1.2796,-1.7246,-4.0063,-6.9596,-4.6073
92,A,F,F,92,4.2007,-7.6330,-9.4772,-9.3349,-3.8907,-0.7356,-9.4944,-3.5065,-6.9560,-1.2830,-5.0757,-6.9307,-5.3714,-13.9139,-4.5363,-3.5303,-6.9632,-8.6402,-5.7482,-5.5771,-2.0288
93,A,S,S,93,2.8162,-1.3915,-6.8235,-6.0970,-6.2448,-8.2638,-4.8479,-5.4570,-9.2772,-4.4740,-10.4688,-8.7257,-2.5918,-8.8131,-6.4494,-5.5301,-0.4504,-5.7286,-9.8261,-8.9107,-7.5145
94,A,P,P,94,5.1787,-1.7065,-10.5786,-2.7113,-3.9309,-7.1952,-4.3550,-6.4058,-7.0627,-4.8063,-7.4543,-8.2911,-4.4152,-0.8462,-7.0481,-4.5545,-1.5152,-3.7418,-6.7418,-5.2924,-5.2828
95,A,D,D,95,8.9833,-2.9674,-9.3002,-1.2741,-1.7830,-5.4789,-3.6083,-4.5898,-4.9827,-2.3289,-4.4383,-6.0236,-2.9695,-8.0636,-4.8435,-3.9921,-3.0784,-1.8236,-3.0692,-6.8653,-4.8559
96,A,R,E,96,7.2590,-4.3843,-9.4186,-2.4003,-0.9933,-6.0564,-7.1081,-3.5722,-4.0376,-1.5549,-4.6628,-5.9632,-3.3202,-7.8182,-2.9191,-3.8071,-3.8337,-2.2702,-4.4028,-7.6052,-5.5556
97,A,P,P,97,1.1902,-3.6276,-9.8818,-9.9677,-10.0876,-11.8894,-7.9371,-12.1698,-13.8916,-9.7597,-11.0763,-11.8122,-10.1703,-0.0351,-8.4230,-9.2127,-4.9753,-9.2740,-11.6532,-14.7912,-13.4826
98,A,F,F,98,1.3461,-8.6401,-7.6475,-10.4915,-12.5624,-0.0727,-12.0454,-4.9046,-8.8826,-11.4465,-8.8045,-8.9760,-8.1106,-11.4166,-12.4657,-11.5481,-8.2977,-8.7979,-7.8208,-6.9408,-2.8217
99,A,D,D,99,8.0898,-3.5553,-5.7091,-1.0291,-4.2284,-2.8528,-3.9782,-2.1901,-4.2911,-4.2174,-5.3506,-4.0649,-1.8431,-11.5495,-4.7306,-5.5990,-2.1521,-4.2483,-5.8635,-7.8297,-2.9388
100,A,L,V,100,2.1059,-7.9307,-8.8730,-12.8975,-11.6052,-6.6739,-12.5644,-11.8803,-3.0365,-12.6029,-1.5111,-6.3058,-11.4023,-12.5405,-11.2685,-11.1831,-10.3912,-7.3889,-0.3194,-8.4133,-8.3954
101,A,V,V,101,1.2878,-6.5434,-8.2629,-10.2824,-8.1656,-6.6668,-10.1185,-6.1860,-4.3131,-7.4446,-6.5378,-7.3176,-9.2267,-13.8429,-8.1034,-7.3894,-9.2450,-7.1170,-0.0453,-7.7821,-3.8895
102,A,A,A,102,1.6789,-0.1070,-4.3586,-7.8020,-6.6345,-8.1966,-7.5388,-8.8059,-8.0981,-7.8201,-7.7773,-3.4269,-6.8856,-12.0827,-5.8703,-7.5867,-4.1424,-4.2382,-4.0352,-12.2092,-9.7574
103,A,H,L,103,9.1512,-4.7519,-6.5074,-6.4369,-5.1764,-1.8684,-7.3937,-2.4966,-2.4646,-5.0196,-1.4980,-4.0554,-5.0117,-11.8486,-4.2414,-4.7308,-3.7813,-3.4212,-1.5299,-2.5572,-3.4019
104,A,D,S,104,4.6405,-5.1839,-6.7779,-1.6401,-3.6578,-6.4395,-1.3261,-4.8298,-6.6233,-5.3103,-5.8201,-7.1984,-2.8134,-8.7143,-5.0359,-5.0548,-0.8880,-6.2537,-7.2367,-7.8517,-7.0641
105,A,I,I,105,4.8976,-4.5157,-6.8917,-4.4506,-5.9349,-2.8724,-6.6392,-5.2806,-0.5688,-6.2836,-3.0709,-4.4464,-4.5198,-7.7994,-6.4797,-4.6589,-5.9140,-4.1770,-2.0895,-2.2175,-4.4556
106,A,G,G,106,1.0004,-11.9358,-17.1901,-12.4859,-13.0007,-14.4107,-0.0000,-16.2663,-16.5196,-12.9004,-12.5588,-15.1810,-12.3296,-17.8052,-16.3102,-13.1940,-13.7666,-18.0122,-17.9455,-15.6561,-16.5087
107,A,I,I,107,1.8019,-6.6018,-9.4396,-8.1102,-9.1663,-10.3025,-7.5195,-10.7491,-0.1571,-8.3735,-7.1840,-8.2907,-3.4250,-11.5830,-9.3519,-10.3012,-8.2038,-3.2450,-2.6628,-11.4040,-11.9568
108,A,W,A,108,8.0324,-0.9026,-6.1717,-4.7029,-3.4136,-3.9503,-3.5822,-4.7146,-6.5663,-2.9584,-2.0153,-2.9337,-4.7843,-6.7761,-2.2084,-4.0597,-3.3550,-2.7141,-5.4175,-5.2148,-4.9747
109,A,N,V,109,4.8750,-2.6631,-5.8416,-5.9343,-7.0771,-5.1592,-6.6560,-6.5361,-3.3688,-3.8915,-5.1961,-5.0224,-4.0340,-11.5051,-5.6384,-3.3844,-3.6498,-1.0808,-0.8580,-7.8055,-5.6508
110,A,T,S,110,5.0464,-3.9899,-2.2985,-7.1682,-9.5623,-7.4352,-6.8255,-11.8275,-3.5573,-9.6659,-5.6408,-4.9943,-3.8234,-12.5216,-9.3347,-9.5174,-1.1015,-1.4486,-1.3857,-10.9508,-8.4955
111,A,Y,L,111,3.6489,-6.0199,-8.6567,-8.6470,-6.3817,-3.1476,-9.0443,-6.3795,-2.0238,-6.8096,-0.4626,-4.7577,-6.9440,-9.9024,-5.0198,-6.5667,-8.6647,-4.2132,-2.1585,-4.7437,-3.4726
112,A,P,P,112,2.5110,-3.5716,-6.5724,-5.7541,-6.7482,-3.8494,-5.3083,-3.9785,-5.1281,-6.9133,-7.8551,-9.1751,-5.1995,-0.2023,-7.3586,-5.2489,-3.8299,-3.9489,-4.5927,-5.4409,-3.5039
113,A,M,A,113,1.4776,-0.1172,-8.6441,-9.8767,-11.2279,-6.2638,-5.0960,-9.3694,-12.3845,-12.5365,-8.6631,-10.0662,-8.8588,-9.2271,-11.8104,-11.7410,-2.2898,-9.1767,-11.8892,-9.4212,-8.3072
114,A,V,V,114,1.8239,-4.3184,-10.2519,-12.2585,-9.8057,-5.4988,-9.6002,-9.3325,-1.8870,-10.3076,-5.3861,-5.9758,-10.7316,-13.9486,-10.0997,-10.2401,-9.3944,-5.6143,-0.1997,-8.6823,-7.2625
115,A,V,V,115,7.5925,-2.0983,-6.1752,-8.0476,-5.9903,-2.3861,-7.1867,-7.4273,-1.6036,-4.1884,-1.7377,-4.4714,-5.3450,-7.6630,-4.6540,-5.1099,-2.5228,-3.4897,-1.4174,-8.4976,-6.6432
116,A,K,K,116,5.3943,-5.1360,-6.2762,-4.6273,-3.6148,-6.6929,-4.2183,-5.4796,-6.0994,-0.9225,-3.7449,-4.8441,-1.1444,-11.9359,-3.5018,-2.2702,-3.4234,-4.0166,-7.0242,-9.1169,-7.3597
117,A,N,N,117,3.5456,-4.7821,-6.4988,-5.8919,-2.6046,-5.3424,-4.5718,-2.3313,-11.8918,-2.9787,-7.4342,-7.5923,-0.3956,-12.7261,-3.8141,-5.4754,-5.2648,-6.3980,-9.5174,-8.6880,-3.1566
118,A,Q,Q,118,9.0385,-2.9441,-8.6794,-5.7294,-2.9153,-7.5490,-3.3072,-7.4056,-2.9946,-4.4366,-2.1701,-2.9827,-6.0352,-1.6058,-1.2097,-5.1153,-3.8237,-3.2564,-3.2212,-4.0473,-9.1240
119,A,A,E,119,3.4518,-3.1377,-9.0089,-1.1899,-0.5834,-7.7323,-3.5465,-7.0489,-6.8647,-4.0955,-7.3065,-8.0171,-5.2068,-5.4909,-4.5102,-6.2216,-4.1613,-7.1264,-5.2049,-7.4100,-7.9907
120,A,D,D,120,6.6914,-1.7056,-4.4575,-1.0920,-3.0149,-5.2407,-5.7768,-5.6419,-9.1211,-4.3183,-3.4625,-2.8167,-2.9552,-10.3898,-3.6795,-5.9093,-1.5069,-6.7678,-6.7891,-8.6708,-6.4863
121,A,I,V,121,1.6587,-6.0914,-7.3587,-9.0717,-10.1358,-3.5786,-9.6409,-10.4928,-2.8022,-11.4067,-7.7104,-7.1923,-8.6425,-11.3274,-12.7499,-11.4323,-8.7971,-3.7221,-0.1253,-10.5561,-8.1868
122,A,A,R,122,5.0433,-2.9995,-6.9038,-6.7794,-4.6943,-7.2135,-4.0740,-4.9646,-7.6066,-1.2556,-7.0571,-6.6581,-1.3411,-11.1681,-4.5109,-1.1636,-3.5216,-4.4905,-7.4676,-10.6812,-7.9680
123,A,R,R,123,2.7326,-4.9820,-7.3269,-7.1061,-5.9480,-7.9379,-6.7361,-5.7650,-8.5080,-1.2893,-8.1474,-6.8230,-4.1861,-10.8610,-5.5602,-0.4442,-3.6411,-3.9070,-8.0334,-10.0393,-8.2632
124,A,L,L,124,2.3440,-6.8556,-7.2605,-10.5030,-9.5081,-5.1831,-9.3429,-10.1528,-2.8071,-9.3951,-0.3230,-4.3171,-7.5493,-14.1790,-8.4429,-10.2237,-8.2484,-5.9569,-1.6606,-8.3872,-7.2030
125,A,V,V,125,2.7185,-3.7160,-5.2857,-9.0265,-7.7653,-3.8706,-6.3706,-5.8777,-2.8915,-8.2526,-6.8424,-6.4767,-4.3394,-12.9716,-7.9546,-8.7776,-4.3507,-2.4677,-0.2715,-7.9449,-4.3831
126,A,Y,L,126,4.7682,-5.0031,-6.6222,-9.3505,-6.9470,-3.2625,-8.3941,-6.4609,-1.6323,-6.0675,-0.8612,-1.5583,-6.5965,-9.7391,-5.2246,-7.4402,-6.3930,-4.9307,-2.3322,-7.1405,-5.1638
127,A,M,M,127,5.7116,-1.7830,-5.5466,-6.0938,-6.6138,-1.8393,-6.1038,-4.5682,-5.8444,-7.5556,-3.1675,-0.9086,-4.7779,-11.3025,-5.0954,-7.7257,-1.9274,-3.4544,-6.1773,-8.4500,-4.6250
128,A,E,N,128,2.7246,-4.9722,-6.7856,-2.5139,-1.7707,-11.2643,-5.2209,-7.0601,-8.6670,-8.7757,-10.9343,-6.9665,-0.3605,-11.3208,-3.9987,-9.5832,-4.5420,-5.1995,-6.7237,-10.7384,-10.1992
129,A,A,G,129,3.6527,-3.1107,-4.8652,-5.2520,-5.5090,-4.1968,-0.4012,-4.3557,-7.5626,-5.2576,-6.1966,-5.0845,-2.1537,-9.3705,-4.8296,-5.4818,-2.5287,-5.2019,-7.1260,-7.2951,-4.4178
130,A,P,L,130,3.6381,-4.1118,-6.8529,-6.7000,-4.9383,-2.6229,-5.5152,-5.0332,-3.7375,-6.9875,-0.4598,-3.9600,-4.8477,-1.6749,-6.4184,-6.8338,-5.4735,-4.9033,-6.0616,-7.8456,-5.6192
131,A,I,V,131,3.6744,-5.1391,-6.0356,-6.6093,-5.4776,-5.6882,-7.5135,-4.7481,-1.2195,-5.5021,-3.0296,-5.5411,-4.9487,-6.3363,-5.6995,-5.1147,-5.8161,-3.0719,-0.5976,-7.1330,-5.6765
132,A,P,P,132,1.4948,-3.6958,-6.0034,-9.0280,-7.0530,-6.6988,-7.5390,-9.4211,-5.7789,-8.7387,-5.8888,-7.1521,-9.7784,-0.0796,-6.5166,-7.8409,-6.2977,-5.7340,-3.4599,-7.8697,-7.2083
133,A,D,G,133,6.0650,-4.1340,-5.3127,-1.4775,-3.3872,-5.6656,-0.8499,-5.1826,-7.3727,-4.7024,-5.2696,-5.2747,-2.1032,-7.8307,-5.0223,-3.1422,-3.0320,-3.8528,-5.6991,-6.5962,-4.2561
134,A,A,D,134,7.3368,-2.0598,-6.7468,-1.1336,-1.2144,-5.1257,-3.8133,-3.8903,-3.7321,-3.8421,-5.3307,-5.8910,-3.5677,-4.6138,-5.1424,-4.6777,-3.9133,-3.8495,-3.2520,-5.1966,-4.3938
135,A,R,E,135,9.5800,-3.2522,-7.7081,-2.2143,-0.9895,-3.7152,-4.7754,-4.3252,-3.2038,-4.0773,-5.1844,-5.3337,-4.6561,-4.1471,-3.4198,-2.1033,-2.7892,-3.3267,-3.2878,-3.8478,-3.5157
136,A,I,I,136,5.0289,-4.1966,-7.4423,-4.7957,-4.2076,-3.3376,-5.7848,-7.5281,-0.8321,-6.1370,-1.1108,-2.9465,-5.8753,-8.5152,-4.6706,-4.7648,-5.2287,-3.6241,-3.2232,-5.5770,-5.0474
137,A,Y,K,137,7.3200,-2.9145,-7.7986,-1.2885,-1.9909,-3.8795,-6.2996,-5.1126,-5.3324,-1.2385,-3.0663,-5.1618,-2.4334,-10.0456,-4.7138,-4.0791,-4.1503,-4.1316,-5.2059,-6.3713,-5.3155
138,A,R,E,138,9.1668,-2.1793,-7.2769,-2.9775,-1.2889,-4.8392,-5.2446,-4.6975,-6.7371,-1.8439,-4.1079,-5.3152,-3.5485,-9.2593,-2.9704,-2.6021,-2.1242,-2.6527,-6.2174,-5.8277,-4.8982
139,A,F,L,139,3.6855,-5.0943,-4.7249,-5.6884,-5.2221,-2.8449,-8.1271,-4.4438,-7.7916,-4.0580,-0.3493,-3.7070,-3.3623,-11.7502,-4.6236,-3.5149,-5.1783,-5.0366,-9.0014,-4.3454,-2.8283
140,A,P,P,140,1.0125,-9.1024,-12.7386,-10.3084,-9.7475,-11.1837,-8.1707,-10.4129,-9.9339,-8.6760,-9.4799,-12.8250,-10.1055,-0.0012,-10.2914,-8.8498,-9.3362,-10.5969,-10.2084,-11.7632,-11.0559
141,A,A,E,141,10.9598,-2.0258,-9.2515,-2.1548,-1.5272,-5.5998,-5.5941,-4.6883,-4.1979,-1.8406,-3.6193,-4.9876,-3.5430,-4.2699,-2.8487,-2.8171,-2.9362,-2.9910,-3.2965,-6.5799,-4.7527
142,A,F,S,142,13.3895,-3.1281,-8.3349,-2.0218,-2.1648,-2.2020,-5.0661,-3.6380,-3.9062,-2.7716,-2.9203,-4.1658,-2.7252,-12.5332,-3.8994,-3.3162,-1.7907,-4.0259,-3.9351,-3.5157,-2.8575
143,A,T,T,143,1.2234,-6.1795,-8.7818,-7.2535,-7.2601,-13.7424,-6.5899,-12.8162,-9.3941,-10.4283,-10.1478,-10.1939,-5.9592,-12.2967,-10.4788,-10.4918,-3.4975,-0.0398,-7.0506,-14.2035,-13.2218
144,A,A,S,144,8.8052,-1.8195,-7.9550,-2.3972,-2.0870,-5.2387,-3.0674,-4.9239,-4.2490,-3.2314,-5.3546,-5.2785,-3.0774,-3.1211,-4.8334,-4.7697,-1.1062,-3.1385,-4.4676,-5.6229,-5.5422
145,A,Q,S,145,9.3742,-1.8564,-4.9648,-5.0193,-5.0208,-4.0445,-3.2465,-3.6086,-5.1310,-4.2080,-3.3811,-3.1460,-1.6826,-6.7338,-3.3509,-3.9861,-1.1855,-3.0378,-3.7552,-5.7313,-3.8468
146,A,G,G,146,1.0167,-9.9758,-13.5368,-6.7325,-8.0673,-12.5047,-0.0019,-10.2057,-14.3307,-10.9136,-11.8529,-13.1479,-9.4219,-11.7937,-9.4206,-10.8232,-9.4578,-12.4082,-13.9221,-12.1676,-11.3452
147,A,E,E,147,5.8038,-4.4900,-9.0576,-2.3158,-0.7832,-5.7940,-4.8583,-4.1775,-4.7961,-1.4748,-5.8139,-5.6817,-4.1450,-4.7936,-3.2954,-2.7900,-4.6178,-4.1160,-4.7777,-5.9820,-5.6104
148,A,S,S,148,2.2161,-1.6758,-7.2600,-7.1562,-7.6718,-10.6182,-2.7636,-10.3483,-12.4247,-10.5860,-10.7264,-9.5372,-7.1029,-5.8085,-9.3870,-9.6653,-0.3076,-4.7820,-9.9541,-10.9815,-10.8650
149,A,L,L,149,1.0831,-8.9814,-9.8669,-12.0364,-10.1352,-6.4943,-10.2174,-8.5769,-6.0580,-9.4595,-0.0107,-5.5146,-8.1457,-10.0866,-7.1076,-8.3168,-10.1876,-8.4977,-8.7122,-8.2116,-8.5151
150,A,V,V,150,8.8563,-2.5080,-4.3277,-4.7842,-6.1172,-2.4713,-3.7496,-4.6505,-2.8694,-5.9976,-5.5816,-2.6102,-4.1640,-7.9091,-5.8926,-6.6815,-2.3918,-2.0363,-1.0779,-4.7515,-2.9977
151,A,W,Y,151,14.9700,-2.4364,-4.8009,-2.7997,-2.3102,-3.0294,-3.2192,-3.2122,-3.9404,-3.5842,-5.2366,-5.0909,-4.4745,-3.8924,-2.3274,-3.7016,-3.1558,-2.9601,-2.0498,-3.0213,-2.0324
152,A,H,Y,152,5.4776,-4.6853,-5.3104,-5.7664,-5.4770,-1.1439,-4.1722,-2.6905,-5.0513,-7.1846,-3.2625,-5.7584,-4.8643,-4.7693,-5.2178,-5.8383,-2.4698,-6.9302,-4.6979,-4.5119,-0.9216
153,A,F,I,153,3.9710,-6.4608,-8.5561,-8.1318,-6.6039,-1.7652,-8.1853,-6.2988,-0.5034,-4.3765,-2.8407,-2.7568,-5.8466,-12.8010,-5.8146,-4.7181,-7.5238,-5.0396,-3.1808,-4.9612,-4.2694
154,A,S,K,154,9.2678,-5.4104,-8.4710,-2.2106,-1.7776,-2.4172,-4.8895,-2.5055,-6.2828,-1.4686,-6.8534,-7.6305,-3.4029,-6.5432,-3.4613,-4.0832,-5.1613,-5.5649,-5.8239,-2.1939,-2.3260
155,A,F,Y,155,9.0336,-4.5360,-7.4958,-4.1961,-2.4404,-1.3715,-7.2800,-2.6367,-4.4842,-2.5183,-3.6848,-5.1868,-3.1735,-10.1752,-5.1869,-4.3668,-4.9573,-2.8225,-3.4895,-3.9124,-1.3441
156,A,F,L,156,2.6245,-5.6512,-6.9111,-8.1853,-7.5899,-0.9567,-9.3995,-6.7448,-9.7516,-7.6342,-0.5877,-3.5964,-5.5998,-11.5233,-7.8443,-7.7586,-7.5500,-9.2046,-8.7028,-4.3357,-4.9147
157,A,A,A,157,3.6879,-0.7491,-8.4129,-5.8371,-3.8520,-8.7355,-3.4956,-6.5292,-12.7637,-3.4347,-7.8497,-7.2268,-3.5154,-8.8614,-5.2403,-3.4569,-0.9932,-8.6905,-13.6317,-9.3978,-8.6655
158,A,A,S,158,3.9121,-0.9105,-6.1544,-4.3552,-2.2584,-5.7881,-4.5081,-5.8948,-10.9684,-5.6555,-6.3521,-4.7341,-4.7239,-10.9194,-4.6449,-5.6453,-0.8869,-4.4877,-12.1811,-7.7785,-6.4094
159,A,D,P,159,5.4993,-3.2074,-10.5759,-2.1341,-1.6442,-7.0808,-2.5908,-8.0006,-8.1855,-4.7960,-7.0431,-8.6262,-6.9799,-0.9370,-5.8794,-4.7799,-1.8811,-5.3935,-8.6214,-7.4380,-7.3814
160,A,D,G,160,7.3591,-4.1634,-7.1862,-2.3515,-2.0732,-6.0234,-1.0504,-4.7554,-6.9907,-1.7213,-5.1653,-4.8125,-3.4857,-8.4378,-3.8571,-2.2690,-3.3645,-4.5771,-6.0487,-6.3089,-5.5655
161,A,R,E,161,6.0897,-3.2396,-6.3256,-1.1212,-1.0460,-5.9315,-2.3492,-4.3935,-7.6274,-3.3590,-5.1404,-3.3771,-3.1598,-9.7714,-3.9975,-4.1109,-4.7013,-7.4778,-6.0408,-5.9312,-5.4830
162,A,L,A,162,12.9958,-1.8071,-5.3079,-4.5512,-1.8267,-2.7672,-4.4570,-3.0129,-3.6178,-2.6905,-2.0338,-4.4655,-4.1283,-8.0454,-3.4830,-3.0075,-4.0570,-2.7556,-2.7631,-5.1482,-2.9476
163,A,A,F,163,3.6614,-1.5366,-4.7235,-6.6510,-5.6293,-0.4806,-7.1394,-5.1818,-8.5237,-6.8075,-3.7976,-4.9440,-5.1667,-4.9811,-6.4896,-6.5165,-4.8320,-4.7005,-5.6655,-3.6681,-2.9221
164,A,E,P,164,8.9777,-3.2616,-6.1069,-4.3672,-1.4893,-4.4093,-4.8850,-4.6903,-4.2480,-4.2746,-4.2036,-4.7434,-4.9036,-1.2806,-2.5524,-3.7425,-4.6989,-3.0095,-1.8363,-4.2314,-3.8530
165,A,T,K,165,7.7763,-3.9162,-8.0014,-4.7370,-4.3686,-5.2781,-3.3155,-5.8262,-2.7295,-1.0525,-4.0940,-4.0902,-3.4843,-9.3135,-4.2480,-2.2041,-2.2220,-1.6500,-5.1134,-6.3874,-5.9174
166,A,L,I,166,8.7532,-4.1587,-7.2347,-6.3247,-2.7565,-4.1599,-6.1777,-5.8925,-1.3899,-1.6380,-2.1147,-3.1734,-5.4818,-8.3302,-3.1879,-2.6887,-6.8332,-4.2241,-1.9350,-6.3687,-4.1087
167,A,I,I,167,2.5521,-5.3954,-7.0041,-8.6241,-6.5706,-5.3796,-7.6718,-10.3729,-0.4493,-8.1307,-4.1058,-5.0146,-8.6801,-9.6636,-8.1006,-7.6204,-6.0753,-3.7586,-1.2072,-7.6024,-8.3941
168,A,A,T,168,4.2690,-2.8103,-8.1860,-5.1089,-3.0529,-5.9956,-6.2226,-5.6992,-6.4225,-2.8914,-6.8590,-5.3917,-5.4715,-11.1716,-4.5775,-3.4561,-1.6996,-0.5487,-6.7690,-7.2410,-4.9146
169,A,G,G,169,1.0324,-9.4126,-13.3014,-6.4236,-7.6740,-13.3471,-0.0038,-10.6772,-13.9327,-8.3794,-14.0172,-13.6357,-8.2397,-11.5961,-9.7612,-7.5225,-7.7378,-9.6884,-12.4852,-12.7146,-12.2954
170,A,K,R,170,3.4404,-5.8973,-8.2528,-5.1110,-4.1287,-7.5415,-6.4949,-3.3028,-10.4745,-2.0564,-7.3282,-7.8567,-3.9173,-13.4918,-3.6976,-0.4079,-4.3930,-2.4848,-10.8096,-7.9519,-6.7092
171,A,E,E,171,4.6191,-3.4107,-6.0524,-8.8763,-1.1851,-8.7121,-7.1668,-8.4825,-4.6030,-4.8610,-6.1148,-4.0853,-7.0395,-6.1420,-3.9586,-5.2075,-5.7178,-1.2276,-1.2152,-8.1755,-10.2198
172,A,R,E,172,6.9656,-2.2806,-8.6783,-4.3944,-1.2727,-5.5686,-5.4559,-4.9581,-5.9082,-1.4302,-3.2320,-5.2161,-5.3502,-4.0488,-3.3851,-1.5586,-4.1015,-4.2606,-6.8673,-7.3604,-5.4387
173,A,F,E,173,11.4445,-2.3764,-6.4516,-3.3686,-1.4224,-3.0964,-4.9766,-4.4272,-3.5568,-3.2852,-2.4565,-3.5702,-4.1826,-5.7847,-1.6297,-3.2335,-2.8112,-3.6817,-3.9477,-4.1887,-4.3795
174,A,F,F,174,4.5227,-2.0020,-4.6309,-7.4742,-5.4580,-0.6597,-7.6162,-5.1868,-5.3596,-6.1654,-5.0453,-4.3275,-6.5694,-10.5439,-7.9841,-7.3149,-5.3397,-2.9335,-1.6105,-5.4287,-3.3187
175,A,L,L,175,1.5643,-6.8909,-7.9051,-7.5570,-6.7397,-6.7680,-7.5659,-6.4699,-2.7675,-8.0517,-0.1033,-6.3344,-6.5604,-11.4536,-6.0577,-7.7512,-7.7180,-6.4295,-3.8984,-9.0599,-8.1898
176,A,E,R,176,8.8643,-3.7928,-7.6191,-2.9353,-1.5483,-6.0032,-4.2540,-4.7286,-6.3326,-1.9552,-5.1761,-5.2442,-2.3128,-9.2623,-2.9186,-1.4960,-3.0912,-2.3106,-7.5311,-5.3214,-5.4486
177,A,H,K,177,8.6797,-5.1174,-6.4019,-1.9652,-1.9650,-4.6566,-5.1167,-4.2344,-4.4492,-1.0540,-5.3441,-4.6416,-3.7376,-9.5628,-3.0229,-2.3447,-3.7918,-3.1929,-4.7511,-3.7681,-3.1308
178,A,F,L,178,5.4831,-3.3579,-6.1718,-6.8673,-4.7277,-2.8675,-8.6496,-6.2065,-2.4115,-5.6498,-1.0307,-3.3794,-6.4996,-11.4045,-4.6041,-6.4290,-5.2700,-4.7481,-1.0410,-4.5907,-3.9138
179,A,I,I,179,2.3092,-6.0296,-7.7266,-10.0287,-7.9292,-9.3727,-9.3065,-9.4333,-0.3052,-6.7915,-1.6654,-3.8894,-6.5048,-12.2593,-5.5303,-7.4623,-8.2861,-5.5124,-3.2597,-10.2928,-10.2568
180,A,K,K,180,4.5660,-5.8877,-5.0215,-6.4470,-4.2255,-5.1300,-5.8393,-3.4759,-5.8218,-0.5705,-5.7537,-5.6560,-3.2433,-12.1361,-3.2836,-1.6165,-5.3339,-2.8234,-5.0895,-5.5609,-4.5628
181,A,S,W,181,13.7044,-3.5959,-6.0317,-2.7064,-3.5193,-3.2773,-2.1412,-2.1938,-4.6858,-3.6084,-4.2086,-4.3548,-2.4239,-7.1316,-4.1461,-2.6772,-2.6311,-2.1323,-4.3847,-1.9795,-3.5798
182,A,H,R,182,1.7710,-4.8135,-6.2486,-7.1405,-5.8986,-7.3135,-5.6850,-4.7403,-9.0001,-3.6266,-4.3451,-5.9787,-4.1225,-10.9601,-4.9694,-0.1087,-5.1914,-6.4770,-8.3384,-6.2193,-6.2925
183,A,A,S,183,1.4366,-2.4023,-5.7260,-9.1196,-8.6234,-10.2784,-8.2628,-11.3261,-14.8937,-12.8290,-8.3009,-8.1592,-7.1839,-14.2868,-8.0648,-13.4203,-0.1037,-5.9890,-15.7244,-13.5261,-12.0149
184,A,S,A,184,1.8748,-0.2811,-8.2089,-7.1836,-8.3949,-8.2569,-5.1288,-8.8795,-13.0237,-9.4254,-10.0962,-9.2312,-6.0908,-12.4789,-8.9490,-8.2346,-1.4587,-6.5992,-11.8690,-7.4866,-8.9458
185,A,N,H,185,11.9635,-2.9434,-5.2116,-3.5778,-3.3464,-4.4079,-3.7520,-1.5313,-3.7513,-2.6858,-3.3068,-4.1253,-1.7144,-8.5947,-2.6342,-2.1329,-3.1414,-4.0109,-3.3610,-6.2249,-4.2813
186,A,T,R,186,8.2407,-3.2142,-7.7538,-4.3977,-2.1093,-7.0318,-6.1301,-6.8531,-3.0070,-2.1978,-6.7041,-3.7710,-5.4947,-3.6846,-3.0256,-1.1440,-4.8241,-2.9097,-1.7478,-5.7956,-7.0060
187,A,E,E,187,7.8335,-2.3408,-8.0552,-1.4247,-1.1466,-5.6433,-2.5137,-5.0602,-4.1388,-3.7927,-5.8060,-5.3546,-3.4627,-5.8312,-4.2285,-4.4326,-2.3492,-3.6449,-3.9811,-5.8370,-5.4759
188,A,V,V,188,5.5046,-4.3899,-5.0488,-4.7619,-5.2127,-4.9966,-4.5738,-4.4441,-2.7179,-3.7069,-5.2520,-4.9217,-4.1901,-7.8072,-5.1513,-1.3913,-4.8934,-2.6722,-0.7433,-4.8232,-5.2967
189,A,F,F,189,2.3034,-9.4608,-9.2188,-8.1102,-8.6307,-0.2594,-10.4628,-4.5532,-6.9890,-6.8394,-3.6503,-6.0614,-6.3103,-12.6130,-9.3060,-7.5042,-9.3105,-10.7768,-9.0120,-2.4566,-2.3171
190,A,S,T,190,3.9297,-2.8894,-8.0143,-5.2158,-3.9674,-7.6609,-3.3190,-6.9805,-6.8187,-4.2027,-5.5786,-6.8171,-6.9218,-5.6569,-5.6595,-3.8072,-0.9966,-0.7779,-6.1881,-8.3378,-8.3374
191,A,E,E,191,4.3290,-2.0733,-8.3525,-2.7716,-0.4722,-6.8733,-3.3094,-6.0993,-6.4654,-3.6060,-5.4168,-6.9134,-5.6944,-3.2186,-4.2636,-4.4242,-3.9567,-4.2494,-4.7707,-7.4710,-6.2434
192,A,R,E,192,6.3469,-2.7387,-9.2018,-1.8775,-0.7970,-7.6198,-2.4279,-5.9180,-5.1997,-3.6756,-6.1919,-6.8128,-3.6463,-5.4730,-4.7013,-3.2518,-2.3298,-3.8619,-4.9792,-6.2399,-6.9393
193,A,L,F,193,12.0904,-3.3550,-6.0943,-2.9190,-1.7692,-1.5121,-4.4650,-4.6206,-3.6504,-4.4514,-2.3072,-3.2440,-5.4832,-10.5983,-3.5580,-3.2999,-3.1861,-2.6157,-3.3983,-3.8506,-2.5051
194,A,L,I,194,4.0446,-5.8763,-6.9806,-8.3904,-5.9666,-6.1662,-7.5436,-7.7758,-0.9136,-4.6938,-0.9450,-2.7519,-5.7698,-13.6296,-6.6946,-5.6154,-5.8219,-3.6660,-2.4117,-7.0018,-7.4418
195,A,D,E,195,10.3125,-1.7236,-5.9443,-2.7388,-1.4127,-4.3255,-3.4278,-4.1011,-4.7441,-2.5862,-4.2252,-5.1477,-3.5006,-9.1630,-3.4167,-3.7064,-2.4776,-1.9296,-4.7812,-5.0923,-4.3588
196,A,L,I,196,9.8486,-3.5707,-6.3807,-4.6318,-2.6425,-6.1454,-4.7195,-5.8271,-1.2325,-3.2867,-2.0661,-2.4900,-5.3644,-10.8778,-2.7976,-2.0452,-2.9183,-3.3497,-3.1263,-5.5116,-5.3713
197,A,Y,R,197,8.3935,-4.6974,-5.8006,-6.2672,-4.1071,-1.9652,-7.0341,-4.6918,-2.7607,-3.2775,-1.6425,-3.3854,-4.1037,-11.3997,-4.3566,-1.2442,-4.9235,-5.5062,-4.1163,-4.3393,-2.0191
198,A,A,A,198,1.3561,-0.0866,-7.8717,-10.0352,-9.3749,-8.9719,-6.9360,-10.6438,-12.5367,-12.0045,-14.4124,-13.1602,-10.7823,-12.1399,-11.8618,-11.7421,-2.5299,-6.4822,-11.4389,-11.1607,-10.0664
199,A,R,A,199,9.9716,-1.4970,-6.5994,-2.4777,-1.8953,-4.9452,-3.6645,-4.3241,-4.4520,-2.1265,-4.6906,-4.8051,-4.0326,-10.7076,-3.0078,-2.8362,-1.7713,-3.4275,-4.9630,-6.2518,-4.7008
200,A,S,S,200,3.9577,-1.2366,-4.6853,-5.2454,-4.7814,-7.5119,-2.6530,-8.0133,-4.8543,-8.0540,-7.8301,-5.1080,-4.7415,-10.9132,-5.8661,-6.8574,-0.6569,-3.0094,-3.9277,-9.0213,-7.3442
201,A,Y,L,201,3.1245,-4.4265,-7.5631,-5.8471,-5.3318,-2.7834,-9.0074,-4.7317,-2.5543,-5.0429,-0.3091,-3.9038,-5.7173,-10.2805,-6.3346,-6.0775,-6.3040,-5.6800,-4.3555,-5.1533,-3.2369
202,A,A,S,202,2.8743,-1.0562,-6.7366,-4.3319,-6.1399,-7.4281,-4.2358,-6.1736,-8.9233,-5.1619,-7.6099,-7.4259,-4.2049,-10.3830,-5.5110,-4.4646,-0.5543,-5.2386,-11.7989,-8.0325,-6.8697
203,A,K,T,203,11.8843,-3.0849,-7.2608,-3.2798,-2.6553,-5.7043,-4.6328,-4.0190,-1.9773,-1.9264,-3.8955,-4.3057,-2.6062,-8.4158,-3.1803,-2.6732,-3.4810,-1.7247,-2.3520,-6.6225,-5.0317
204,A,P,P,204,1.7248,-4.8930,-12.0952,-5.9879,-4.5553,-7.0602,-5.0689,-7.0517,-6.6935,-4.7340,-5.6723,-7.0784,-7.5235,-0.1016,-6.0093,-3.6330,-4.4431,-4.8246,-5.9189,-7.5113,-6.6791
205,A,H,E,205,8.0225,-2.9650,-7.9168,-1.9590,-0.8103,-3.2129,-4.1527,-3.6332,-4.8729,-4.7382,-3.5837,-4.2561,-3.8242,-4.5043,-3.7904,-5.1033,-2.5676,-4.1186,-4.1245,-4.3741,-3.2627
206,A,S,A,206,3.0235,-0.3184,-3.5577,-8.4211,-5.9041,-6.4220,-5.7487,-4.5134,-8.0345,-8.2467,-9.5595,-6.6548,-2.2880,-10.6099,-4.1785,-6.6740,-3.0222,-3.7857,-3.4645,-8.6600,-5.9612
207,A,L,L,207,1.8863,-4.7626,-7.7232,-8.6519,-6.4195,-3.9657,-7.5136,-7.4816,-4.9135,-4.3581,-0.1274,-3.3825,-4.4188,-11.8962,-5.1657,-5.0987,-5.5104,-5.4002,-6.7110,-8.5133,-7.1457
208,A,N,R,208,12.7805,-2.2124,-6.2398,-5.7672,-2.7478,-3.5069,-6.0434,-3.3677,-2.2992,-2.0661,-2.8161,-3.8853,-4.8335,-7.7700,-3.4475,-1.9140,-3.5663,-3.1658,-1.9725,-4.1577,-3.3725
209,A,A,S,209,2.1306,-1.2063,-7.2049,-8.1824,-8.0579,-8.4643,-4.6246,-7.9127,-12.8605,-10.5627,-12.2520,-8.5270,-5.9145,-10.6789,-8.7088,-9.5475,-0.3917,-4.7360,-12.4122,-7.3230,-7.6794
210,A,S,L,210,8.0762,-2.5590,-5.2150,-5.6007,-6.5441,-1.9809,-4.4467,-3.7453,-5.1793,-5.0583,-0.9987,-3.2195,-1.9506,-11.0252,-4.9567,-4.9451,-2.7551,-3.0264,-5.0269,-4.7306,-3.3637
211,A,F,V,211,6.5227,-1.7151,-3.5748,-7.0935,-4.7806,-2.6963,-3.2264,-5.3678,-5.0847,-5.5683,-5.3903,-4.9187,-5.6167,-10.8064,-4.8573,-5.0803,-3.3470,-1.4850,-1.0288,-6.0256,-4.6120
212,A,E,Q,212,12.1100,-2.3454,-4.5589,-3.6557,-1.8837,-4.7559,-4.3447,-4.7216,-5.7678,-2.3008,-2.5725,-2.3405,-2.4735,-10.0706,-1.8022,-2.8811,-2.8201,-3.9872,-5.4059,-4.6879,-4.4010
213,A,Y,Y,213,2.9866,-7.5907,-5.6155,-4.3466,-6.1427,-2.2695,-7.2378,-2.6512,-4.4727,-6.8581,-4.4730,-7.2173,-4.6248,-13.7556,-6.0618,-5.9780,-6.7522,-7.0844,-3.3658,-5.5305,-0.3198
214,A,Y,F,214,2.4073,-8.8131,-7.4956,-10.3177,-10.0191,-0.3719,-11.5596,-6.4989,-10.0181,-10.0803,-5.8750,-6.6113,-8.5436,-10.6615,-10.3799,-8.1593,-7.7881,-10.2496,-8.9284,-1.9859,-1.7980
215,A,R,R,215,2.6723,-4.2955,-8.0503,-7.2763,-4.9877,-9.3972,-6.1183,-6.0980,-6.6411,-1.3828,-7.3301,-6.6417,-5.0331,-10.0601,-3.4194,-0.4048,-5.8345,-4.7323,-6.5418,-9.5184,-8.5336
216,A,A,S,216,6.9467,-1.5193,-2.7516,-1.5014,-3.6736,-4.5660,-4.7025,-2.8528,-12.4432,-6.1084,-9.0127,-5.8903,-2.5892,-13.4377,-5.1568,-6.2351,-1.3028,-6.5759,-10.7670,-5.8667,-3.5744
217,A,L,L,217,2.7236,-5.4903,-8.0597,-5.6114,-4.9109,-4.3078,-7.0653,-6.9368,-2.5389,-5.4369,-0.2511,-3.8083,-3.2995,-13.2290,-5.8107,-5.8670,-5.3364,-4.3891,-3.8519,-6.5026,-5.7801
218,A,N,P,218,6.5026,-4.2254,-7.8263,-1.9117,-1.7600,-4.7780,-4.5092,-5.1091,-3.9554,-4.0278,-3.7278,-4.8781,-4.4977,-0.7791,-4.9372,-4.0908,-3.8789,-4.1605,-3.7375,-4.7787,-4.7443
219,A,E,I,219,12.3999,-3.8996,-6.2470,-3.3666,-2.4054,-3.9963,-4.6005,-4.5335,-1.6047,-2.3829,-2.1720,-3.7629,-3.6721,-6.0761,-3.0476,-3.2143,-3.8346,-2.1132,-2.2498,-5.1239,-4.2478
220,A,S,S,220,2.1358,-4.7292,-6.2356,-5.6813,-8.8380,-8.8949,-5.9614,-9.7727,-8.3900,-9.0945,-7.8026,-8.2474,-6.6037,-12.1490,-8.8246,-8.2419,-0.4254,-1.1201,-8.6696,-9.7973,-9.3099
221,A,V,I,221,4.9423,-2.7142,-5.7057,-6.3735,-3.5497,-6.9795,-5.4493,-7.4025,-0.5890,-3.8285,-5.5548,-2.2578,-6.3030,-11.4455,-5.0482,-2.7048,-4.8142,-3.9883,-2.2421,-8.0885,-7.1947
222,A,R,E,222,13.6804,-1.9447,-5.3345,-3.2123,-1.7565,-4.1269,-4.4192,-4.0572,-3.6071,-2.3228,-2.8266,-3.5608,-3.4977,-10.2273,-3.4538,-2.3013,-2.8428,-2.8477,-2.7821,-5.2067,-3.3435
223,A,Q,D,223,13.1535,-2.6348,-2.6240,-1.6990,-2.9415,-3.1052,-1.8001,-3.6589,-3.5747,-6.3020,-3.5154,-5.3387,-3.2407,-9.3715,-2.9203,-5.4687,-2.7026,-4.2627,-2.7228,-4.3265,-2.7730
224,A,N,N,224,4.0770,-7.8464,-6.4771,-6.6180,-6.2885,-2.8534,-5.1969,-3.3673,-5.2325,-5.3402,-2.1149,-3.7600,-0.4641,-12.5528,-5.7509,-3.8172,-6.1669,-6.4783,-6.4465,-4.5920,-2.6051
225,A,A,E,225,10.5148,-1.8461,-6.7312,-3.1133,-1.4051,-4.8752,-6.0349,-4.5694,-2.3212,-2.5588,-4.7580,-3.7698,-3.8316,-7.7271,-3.1561,-3.4343,-3.0577,-1.9978,-3.4814,-5.8564,-4.5682
226,A,E,E,226,9.4979,-1.9955,-7.5952,-2.7990,-0.9803,-4.4025,-4.0619,-4.4965,-2.9563,-2.9564,-3.3431,-4.5279,-4.6495,-8.4659,-3.3900,-3.4675,-3.5928,-3.6364,-2.5774,-4.6716,-3.7785
227,A,L,I,227,4.5261,-4.8788,-8.0624,-5.0716,-5.9346,-4.5880,-6.8513,-5.6412,-0.6186,-4.6618,-1.6962,-5.7024,-4.7272,-9.2606,-7.6678,-2.0554,-6.1533,-3.2251,-3.1216,-5.5898,-5.0603
228,A,A,L,228,9.5414,-4.3785,-4.7839,-5.2727,-3.8404,-1.5767,-5.4685,-4.3796,-3.6000,-1.6421,-1.4494,-3.5596,-2.9996,-9.8536,-4.1770,-2.9263,-3.7022,-2.8967,-3.2950,-7.4801,-4.7463
229,A,K,K,229,4.7560,-2.4597,-8.4653,-4.9571,-1.8671,-9.1036,-6.7785,-7.4535,-5.7098,-0.6129,-5.3426,-5.6658,-5.4237,-8.5669,-3.2174,-2.9497,-3.9679,-2.5950,-5.0527,-7.6495,-8.9306
230,A,T,T,230,6.5242,-3.4797,-7.0682,-4.1180,-3.4709,-5.6965,-4.2311,-4.5958,-3.9726,-4.1780,-4.5663,-6.5148,-4.6670,-5.7510,-2.7402,-1.3646,-2.5561,-0.8934,-3.7544,-6.7148,-5.8672
231,A,R,P,231,9.4809,-2.8339,-7.5937,-3.5702,-1.9895,-5.7744,-2.5707,-6.3134,-5.5757,-1.7369,-3.5330,-4.7448,-5.5615,-1.2511,-2.9773,-3.2419,-3.4385,-3.6378,-3.4493,-5.2550,-6.7447
232,A,L,L,232,3.6751,-5.0005,-4.8368,-8.7857,-7.8851,-2.3765,-6.0135,-5.7738,-2.1660,-5.6352,-0.4401,-3.9888,-7.3523,-8.6723,-6.7504,-5.4708,-6.4514,-6.9640,-2.5827,-4.5750,-4.5015
233,A,Q,S,233,8.3293,-3.6233,-6.0700,-3.4855,-1.5323,-6.7230,-3.3574,-5.7043,-4.4836,-3.0392,-3.3932,-4.5430,-4.3701,-4.7906,-3.1135,-3.9629,-1.1931,-1.7695,-3.8497,-6.4809,-7.3680
234,A,M,V,234,2.7790,-7.1541,-4.2595,-9.1395,-6.9742,-4.7385,-6.2625,-7.5802,-2.2912,-4.6961,-3.8611,-3.0262,-6.4775,-8.9332,-4.2747,-4.7741,-7.0176,-4.4404,-0.2805,-7.7284,-7.5517
235,A,P,P,235,2.1125,-5.1339,-9.7555,-4.5580,-4.7681,-7.8220,-4.6440,-6.7438,-8.7605,-3.3376,-7.8162,-8.7063,-4.7223,-0.1622,-6.0159,-3.8765,-3.5299,-4.1841,-7.7003,-8.7066,-8.7245
236,A,T,V,236,3.7253,-1.7147,-4.6231,-9.9400,-8.4062,-6.6163,-5.5592,-9.7250,-5.4346,-9.5284,-2.4386,-5.1336,-7.8643,-8.5006,-8.7489,-7.7996,-4.3466,-2.0325,-0.5774,-8.1090,-8.3984
237,A,M,L,237,5.5457,-3.7109,-5.1344,-9.6728,-6.9696,-3.0019,-8.1974,-4.6786,-3.8938,-3.8879,-0.6159,-2.7901,-6.2923,-11.4053,-4.3053,-4.2926,-4.8527,-1.9768,-2.8993,-6.5271,-3.3500
238,A,T,G,238,5.4956,-1.7287,-3.6679,-7.8642,-7.4338,-3.7900,-1.1248,-7.4539,-4.9400,-8.5470,-5.4004,-4.9753,-5.9737,-10.2058,-7.5063,-8.5489,-3.3364,-1.2441,-2.3071,-8.1396,-6.0328
239,A,L,L,239,1.2419,-6.8778,-8.0422,-10.6652,-9.1387,-4.7440,-12.2286,-10.1498,-4.1794,-9.1167,-0.0379,-5.0247,-9.4901,-14.7156,-9.4258,-9.3726,-9.0753,-10.3199,-5.4649,-8.9434,-8.6094
240,A,A,S,240,2.1625,-0.8098,-6.2442,-8.9477,-7.8840,-10.5481,-4.4886,-10.6887,-13.5677,-11.2386,-11.5116,-9.7397,-7.4523,-13.6830,-9.2094,-10.6582,-0.6163,-7.5464,-11.5854,-11.2589,-10.2117
241,A,G,G,241,1.0007,-11.3109,-13.2429,-13.4547,-12.4364,-14.8391,-0.0001,-13.7260,-14.6637,-13.6045,-12.4089,-15.2021,-12.5071,-12.5533,-13.9700,-11.2250,-12.4107,-14.8256,-14.5854,-14.5887,-15.0773
242,A,G,G,242,1.2024,-3.8797,-10.8485,-6.2214,-6.1644,-9.1531,-0.0321,-7.7430,-13.4487,-6.0533,-7.4991,-9.7793,-7.2213,-16.0798,-6.9683,-7.3494,-7.0780,-11.7354,-12.8828,-9.1950,-9.5275
243,A,G,G,243,1.0126,-6.6199,-14.8721,-11.0396,-10.2231,-13.8378,-0.0015,-12.4900,-14.9034,-10.1098,-11.7040,-14.3256,-10.0039,-16.7157,-11.6797,-11.8400,-10.2884,-14.3747,-16.7190,-15.8015,-13.9511
244,A,H,N,244,13.0594,-3.4149,-4.2736,-3.0418,-2.9131,-3.7460,-7.1668,-1.9429,-3.2883,-3.8454,-3.1626,-3.7812,-1.7510,-10.2480,-2.7759,-4.1051,-3.5800,-1.8404,-2.6066,-4.5987,-3.3036
245,A,G,G,245,1.0135,-9.3905,-12.0622,-11.2743,-10.6863,-11.1819,-0.0015,-12.2361,-11.0276,-10.5586,-10.4075,-11.4168,-8.9930,-11.7840,-10.6046,-6.9193,-9.1622,-12.7934,-12.5661,-13.7035,-11.0599
246,A,G,G,246,1.0107,-6.8640,-12.4579,-10.4145,-10.9172,-14.9859,-0.0013,-15.1008,-16.6480,-14.1852,-14.6297,-15.7316,-10.3510,-14.6675,-13.5641,-12.5993,-8.9120,-12.9544,-15.7986,-16.8556,-15.0444
247,A,M,L,247,2.2101,-4.8181,-7.3602,-6.3692,-4.1429,-5.4734,-5.5692,-6.7369,-4.0265,-6.2662,-0.1729,-2.9694,-5.4548,-7.9385,-5.4622,-3.7240,-4.5497,-6.2859,-5.4798,-7.2764,-6.2569
248,A,G,G,248,1.0418,-6.5929,-11.7443,-8.6266,-7.5704,-9.2080,-0.0047,-8.1380,-10.2640,-8.5113,-8.7875,-9.7971,-8.1779,-13.6544,-8.2006,-7.5577,-8.3747,-9.4667,-8.8511,-9.2054,-8.9874
249,A,T,A,249,14.8956,-1.9624,-6.6962,-3.2964,-2.0997,-4.2030,-3.4954,-3.9361,-3.1894,-2.5016,-3.0494,-4.1025,-4.1388,-2.4927,-3.4516,-2.2706,-2.4906,-2.7185,-3.3571,-4.1914,-4.2336
250,A,F,L,250,11.7680,-1.8189,-5.9523,-2.9893,-2.1630,-3.3566,-3.0106,-4.4795,-3.3434,-3.5348,-1.3817,-3.2222,-4.1177,-6.1098,-4.4312,-4.1694,-2.6377,-4.0653,-2.9933,-4.5482,-3.7440
251,A,Q,A,251,3.7825,-0.4373,-5.5501,-7.7766,-4.7678,-7.4979,-2.1457,-7.6091,-5.4897,-6.0173,-4.6144,-2.6093,-6.1811,-8.8520,-2.6583,-6.1208,-3.7932,-3.9664,-4.0996,-7.4195,-8.4052
252,A,L,G,252,2.5041,-4.5002,-6.0114,-7.1746,-5.0616,-4.4547,-0.1927,-5.1354,-3.7053,-5.1777,-3.8412,-5.9890,-6.3959,-3.8967,-6.2696,-5.9979,-4.4843,-4.9033,-4.7009,-5.9563,-3.6445
253,A,E,E,253,6.9765,-2.7954,-7.4510,-2.8030,-0.6779,-5.5706,-3.1149,-4.1431,-5.5733,-2.9503,-4.2640,-5.0435,-2.9300,-9.4569,-2.9933,-3.0392,-3.5635,-3.6125,-4.4971,-5.3249,-5.0316
254,A,Q,Q,254,9.7255,-4.0576,-5.8430,-4.2360,-1.5138,-3.0728,-5.2075,-2.9547,-3.6275,-3.4517,-2.0908,-4.1158,-3.8996,-7.8289,-1.2386,-3.4272,-4.0022,-4.3950,-3.6923,-4.3945,-3.4278
255,A,M,L,255,4.1785,-3.0624,-5.8539,-5.7237,-5.2745,-3.7997,-4.2561,-6.5711,-4.0883,-5.7128,-0.5756,-1.3696,-5.0961,-10.4941,-4.9660,-5.5178,-4.9993,-4.3846,-3.8438,-5.3943,-5.2792
256,A,K,K,256,3.9146,-3.2155,-8.8681,-5.1146,-2.1870,-7.0339,-5.1813,-6.6242,-4.8181,-0.4447,-6.0488,-5.5258,-4.7972,-10.6529,-3.6739,-2.3192,-5.6135,-3.7656,-4.0702,-6.5921,-6.9959
257,A,A,E,257,13.8284,-2.4611,-4.7881,-3.1510,-1.7008,-3.9754,-4.7663,-3.4510,-3.4579,-3.0527,-2.3045,-3.8614,-3.3345,-7.3417,-3.0613,-2.3725,-2.3528,-2.2845,-3.9181,-4.8783,-3.8333
258,A,Y,F,258,4.2850,-4.8171,-5.5070,-6.8136,-5.2417,-0.6438,-7.8674,-3.9289,-6.3625,-5.4053,-1.8539,-5.6992,-6.9034,-10.6822,-5.9805,-5.5006,-7.6690,-7.9118,-4.4813,-2.6816,-1.7053
259,A,A,S,259,3.0007,-1.7203,-4.2243,-5.4472,-6.3830,-4.8569,-4.5827,-5.2702,-8.1695,-7.9791,-8.3609,-7.8790,-6.2343,-5.8850,-7.9019,-6.0535,-0.4019,-2.3730,-5.5230,-7.1506,-6.5174
260,A,E,T,260,7.0079,-3.4626,-8.1712,-2.8118,-2.9251,-7.1805,-5.9983,-6.7388,-3.8978,-1.8867,-4.9016,-5.2428,-4.0302,-6.9189,-4.3435,-3.0753,-1.4777,-1.0691,-4.2010,-6.9755,-8.2508
261,A,D,K,261,11.3627,-4.6564,-5.7581,-2.3036,-2.4755,-4.1418,-5.6290,-3.7484,-2.8649,-1.5488,-4.3316,-4.1279,-1.9578,-8.4565,-4.3362,-2.0741,-3.2516,-2.6407,-2.8280,-5.0178,-5.1800
262,A,V,V,262,2.1173,-4.3621,-6.0458,-8.6863,-9.0161,-7.5158,-9.7293,-10.3895,-2.0009,-7.1454,-7.8161,-6.7028,-5.0672,-10.7253,-9.1389,-6.7918,-5.1421,-3.2146,-0.2324,-9.6290,-10.3902
263,A,E,T,263,7.1729,-3.8735,-6.3735,-4.7466,-1.9781,-5.3700,-6.8804,-5.6611,-2.6825,-2.3336,-4.9179,-4.5554,-6.0257,-8.9632,-3.6330,-2.6148,-3.0544,-0.8762,-2.6749,-6.7305,-6.0341
264,A,G,G,264,1.0260,-6.1148,-9.0572,-9.5131,-11.4416,-10.1935,-0.0033,-11.3221,-11.9620,-14.5089,-13.8472,-12.5112,-11.7725,-14.6771,-12.8105,-13.4278,-7.1554,-11.0775,-11.9810,-13.5749,-10.5846
265,A,H,H,265,10.0365,-4.0583,-6.5718,-4.5659,-2.1080,-1.8973,-10.1412,-1.6281,-3.4026,-1.9139,-3.4572,-4.3173,-5.1463,-10.8717,-4.8304,-3.8024,-5.5856,-3.7197,-2.7043,-4.8881,-1.9740
266,A,V,V,266,1.9866,-7.9771,-9.1839,-8.4020,-6.3813,-12.8364,-11.0051,-13.8784,-1.1747,-8.7942,-7.2600,-7.1307,-8.5941,-15.4410,-9.2241,-7.0745,-7.0772,-5.7068,-0.3831,-11.0272,-13.2101
267,A,L,I,267,2.3763,-8.2641,-8.5401,-8.6363,-8.1184,-4.5066,-11.5924,-9.4439,-0.3287,-7.0688,-1.6564,-4.1838,-8.9588,-10.7197,-8.2803,-8.9405,-7.2693,-7.2778,-2.8332,-8.9019,-8.2650
268,A,P,P,268,9.0992,-2.1781,-5.3876,-4.0860,-1.7173,-5.0094,-4.2032,-5.9980,-3.2500,-5.1195,-3.1715,-3.4547,-5.6356,-1.0858,-3.4449,-4.4806,-3.2029,-2.6762,-3.3740,-4.4863,-5.5231
269,A,G,G,269,3.4768,-3.2286,-6.9013,-4.1388,-3.8031,-6.0970,-0.3344,-5.5486,-7.3496,-4.0565,-4.9213,-4.7748,-3.2277,-7.7805,-5.4696,-2.8904,-2.9035,-5.0086,-7.4752,-6.4862,-6.1556
270,A,C,T,270,2.7658,-0.9844,-4.7298,-11.8664,-10.8770,-9.6842,-8.5485,-9.8074,-7.3438,-11.1286,-9.8842,-8.3406,-8.7378,-12.7512,-11.1063,-9.7532,-2.3528,-0.6630,-5.2009,-10.3460,-9.5620
271,A,G,G,271,1.0040,-9.0194,-13.3108,-11.9501,-10.7376,-12.4574,-0.0004,-14.7077,-12.4064,-11.0017,-13.0712,-14.9705,-10.5326,-9.9445,-13.5130,-9.8714,-9.8727,-13.9265,-13.6261,-15.1251,-13.8867
272,A,H,R,272,11.3184,-2.0089,-5.0924,-4.8017,-3.4385,-2.0178,-5.3227,-2.8156,-8.6779,-2.7950,-4.0048,-3.0631,-3.8268,-10.0958,-2.0867,-1.6480,-3.8833,-5.3852,-8.2057,-2.7940,-2.6527
273,A,W,F,273,7.6864,-3.5127,-6.3860,-4.0851,-4.7311,-0.9101,-4.0867,-4.1620,-4.7147,-5.1348,-1.8133,-1.9969,-2.8719,-9.1125,-4.2552,-4.3543,-3.6213,-6.3957,-4.4507,-3.2190,-3.4917
274,A,L,L,274,1.4948,-5.3765,-8.6720,-11.5439,-10.5381,-6.6792,-6.4079,-12.0730,-3.0185,-12.6473,-0.0887,-5.1283,-7.6439,-9.9498,-10.4879,-10.6889,-7.8004,-6.2174,-3.9515,-11.4038,-9.4074
275,A,P,P,275,1.1674,-4.6912,-8.1506,-10.5294,-9.0122,-7.7748,-8.1026,-10.2282,-6.9326,-10.6687,-5.9238,-7.4908,-8.1020,-0.0235,-8.4925,-9.3265,-6.7973,-5.7192,-5.6480,-10.6762,-10.1394
276,A,E,V,276,10.0262,-4.2132,-7.4721,-5.0995,-4.0701,-3.5153,-4.7794,-3.7332,-1.5864,-3.5645,-2.0262,-3.8556,-3.6573,-4.3889,-3.6356,-3.0073,-4.9218,-2.5272,-1.2989,-5.1209,-3.3975
277,A,E,E,277,1.1981,-7.3414,-9.2853,-5.2064,-0.0295,-11.4282,-5.9747,-10.1402,-7.5171,-10.2195,-8.0774,-7.0408,-5.9794,-12.5786,-4.2543,-9.4407,-8.1405,-7.5634,-7.0662,-11.6320,-10.4310
278,A,C,A,278,3.6852,-0.3644,-2.7715,-3.4260,-3.0471,-5.7242,-4.4232,-5.9728,-6.1925,-3.9895,-8.3760,-5.0679,-4.2452,-11.8363,-6.0844,-5.1077,-2.6881,-4.1102,-5.4354,-7.4619,-5.1278
279,A,A,A,279,5.3783,-1.1173,-6.0878,-5.2734,-1.7366,-4.7342,-2.9441,-5.9643,-7.2048,-5.7938,-7.1545,-6.1371,-5.9313,-4.6087,-6.3880,-6.0732,-1.2091,-2.3412,-6.0599,-6.2564,-5.7928
280,A,A,E,280,5.7583,-2.1202,-6.8311,-2.8798,-0.7203,-5.4983,-1.7779,-6.3345,-5.1539,-4.9599,-3.7884,-4.7083,-5.9881,-5.6042,-4.3878,-5.2260,-3.8160,-4.1703,-3.0048,-5.8617,-5.8120
281,A,P,P,281,4.7408,-5.0605,-8.1159,-2.2995,-1.1347,-8.2799,-5.8387,-7.4142,-5.1635,-3.7803,-6.1777,-5.8101,-6.6167,-0.8603,-4.7524,-4.7646,-4.5104,-2.7278,-4.2629,-8.1598,-6.2657
282,A,M,F,282,4.5664,-2.8715,-3.8761,-8.4557,-6.9734,-0.6737,-8.4405,-5.6829,-8.2430,-7.8521,-6.4222,-5.0608,-6.4203,-12.9384,-7.8603,-6.6242,-5.5555,-1.7099,-2.6091,-4.5659,-2.0606
283,A,N,I,283,7.1416,-2.6944,-6.1499,-6.4924,-3.4208,-4.1896,-2.3141,-5.5729,-0.9965,-4.3418,-4.9490,-3.7697,-4.0435,-13.3881,-3.9677,-6.1683,-2.4588,-1.5058,-4.0175,-7.6556,-6.4673
284,A,R,A,284,7.4015,-0.7516,-6.7583,-4.0921,-2.6338,-4.3756,-4.0604,-3.9296,-4.8769,-2.5210,-4.4996,-4.3872,-3.5411,-12.5611,-3.5098,-2.9431,-2.2646,-3.2343,-5.4586,-4.8945,-4.4998
285,A,L,I,285,6.5091,-1.4727,-5.5506,-9.9125,-7.5530,-4.8550,-6.2721,-7.9191,-1.2474,-3.1641,-1.4261,-3.9465,-7.5625,-12.9698,-6.4038,-3.1573,-2.9993,-3.1066,-3.6617,-6.6278,-7.0889
286,A,V,I,286,2.5661,-4.8732,-6.6884,-13.1808,-7.7239,-8.5238,-7.4054,-11.9568,-0.7220,-6.7719,-5.1429,-3.5530,-9.9010,-14.2598,-8.0868,-6.3510,-8.5085,-5.4737,-0.7726,-9.0484,-11.1208
287,A,I,V,287,10.1053,-3.1140,-3.6749,-7.1514,-4.2027,-3.4564,-4.8884,-5.1586,-1.6790,-4.4696,-1.6532,-2.7142,-5.7045,-12.0364,-4.6008,-4.7135,-3.0319,-2.6023,-1.5650,-3.0988,-4.1946
288,A,D,E,288,9.3245,-4.4502,-8.0452,-2.1038,-1.7284,-6.9223,-2.6567,-4.3537,-7.4029,-2.0749,-6.2933,-6.5774,-2.0176,-11.0575,-2.6898,-3.3828,-1.7622,-2.7796,-7.2717,-5.6836,-6.0644
289,A,F,F,289,4.4370,-3.2557,-6.2917,-8.0802,-6.3184,-0.4581,-5.5322,-3.5715,-5.5265,-2.3828,-8.8384,-6.7734,-4.7266,-11.6604,-5.9342,-2.9687,-3.0423,-3.6334,-4.2721,-4.3493,-3.4595
290,A,L,L,290,2.7874,-3.8988,-4.6846,-9.4449,-7.2982,-3.7125,-8.4464,-7.0675,-3.7735,-6.2399,-0.3977,-4.8972,-7.8015,-12.5326,-7.6248,-7.3122,-7.0149,-5.6085,-1.4653,-6.6522,-6.4468
291,A,S,T,291,11.0825,-2.8699,-3.5843,-4.9280,-3.4752,-5.2087,-4.2860,-5.5525,-3.9412,-2.4355,-3.3581,-2.9167,-4.2504,-13.1599,-4.5388,-2.5908,-1.7859,-1.2940,-3.2397,-2.8508,-3.9302
292,A,R,R,292,9.3174,-2.3653,-6.3926,-3.4652,-2.1056,-2.7609,-6.4727,-4.9824,-4.3808,-2.5059,-2.7621,-4.9154,-5.7777,-8.8740,-4.4447,-1.0334,-3.4127,-3.6927,-3.3713,-4.1079,-3.3326
293,A,G,G,293,2.2542,-5.6805,-10.3754,-6.4144,-4.4670,-8.2552,-0.2627,-7.3986,-7.0636,-3.0612,-6.4889,-8.1925,-7.0103,-7.3747,-6.2723,-1.8867,-5.1085,-6.4097,-8.0792,-7.6782,-7.3222
294,A,R,R,294,4.3837,-4.2087,-7.8150,-5.0380,-3.0676,-7.0781,-3.5611,-4.0742,-3.2925,-2.0513,-4.3425,-4.3038,-4.3875,-10.3574,-4.3952,-0.4533,-4.5939,-5.6758,-4.6771,-5.0929,-5.5429
