pdb_posins,pdb_chain,pdb_res,top_res,pdb_pos,perplexity,A,C,D,E,F,G,H,I,K,L,M,N,P,Q,R,S,T,V,W,Y
1,H,Q,M,1,1.5664,-5.1196,-7.1644,-5.7042,-5.6941,-6.5853,-4.1068,-6.4876,-6.0891,-6.1767,-5.6813,-0.0752,-6.2685,-5.0939,-6.0584,-5.7673,-4.8441,-5.6511,-5.1433,-7.5825,-7.3136
2,H,V,V,2,2.5729,-3.7828,-8.6589,-8.4927,-6.2935,-8.8479,-7.0054,-9.0160,-3.5914,-8.5992,-3.0223,-1.8531,-8.5020,-6.0319,-4.9403,-7.6334,-7.6931,-6.9844,-0.3162,-9.4022,-9.5805
3,H,Q,Q,3,1.4546,-8.5308,-10.9197,-9.6187,-6.3401,-10.0952,-9.7464,-4.7718,-8.5929,-3.5941,-7.3864,-7.8277,-5.4164,-12.7685,-0.0736,-3.8979,-7.6363,-5.2976,-6.5957,-11.4991,-9.5579
4,H,L,L,4,1.0011,-16.8669,-15.1227,-19.2988,-16.2031,-10.6635,-16.5155,-15.8599,-11.1513,-17.4832,-0.0001,-10.6038,-17.6696,-15.5432,-13.6041,-16.0093,-18.0804,-16.7950,-10.8144,-12.2972,-13.8903
5,H,Q,V,5,1.7500,-6.1402,-11.6891,-9.2393,-5.5393,-9.3249,-10.0529,-8.6680,-5.6041,-6.2235,-2.9789,-6.2377,-7.2776,-15.0230,-3.1031,-5.1174,-7.8528,-5.1137,-0.1312,-11.7435,-11.0737
6,H,E,E,6,1.0662,-8.9897,-11.5175,-8.8268,-0.0108,-15.6744,-10.0045,-12.8432,-11.7474,-10.4559,-9.7273,-9.8972,-12.0358,-12.5857,-4.6134,-11.1522,-11.9182,-11.0449,-8.0228,-13.8433,-16.8753
7,H,S,S,7,1.0236,-7.5380,-11.2259,-11.7570,-12.5258,-7.8151,-9.2322,-10.7962,-11.2730,-10.6299,-10.0881,-11.7282,-9.9850,-14.5378,-9.3066,-7.7507,-0.0026,-7.1212,-10.8626,-10.6577,-10.3301
8,H,G,G,8,1.0035,-10.4571,-14.5485,-10.7435,-9.6456,-13.9864,-0.0003,-13.7119,-14.0940,-12.0359,-12.0684,-14.7260,-12.6180,-15.1855,-11.0469,-8.7270,-12.2854,-13.5974,-11.9030,-12.9693,-14.7566
9,H,G,G,9,1.0000,-15.0717,-18.1237,-15.9628,-15.1962,-17.5284,-0.0000,-19.0997,-18.5918,-17.4117,-15.3066,-20.3876,-18.3014,-16.0980,-16.7811,-13.5494,-15.2503,-17.5855,-16.7551,-17.5069,-19.0702
10,H,G,G,10,1.0011,-13.2487,-16.2589,-10.9280,-12.4103,-13.2871,-0.0001,-14.7004,-15.1636,-14.2578,-11.2880,-15.5833,-14.4583,-16.9133,-13.7442,-10.0301,-12.4302,-14.2500,-12.7627,-13.9222,-14.7388
11,H,S,L,11,1.9792,-5.7430,-10.0784,-9.1798,-7.5109,-7.4876,-9.3104,-10.0310,-5.6751,-7.6115,-0.2617,-5.1518,-9.6413,-6.9732,-6.5204,-6.1308,-6.1185,-5.1116,-1.5946,-9.9087,-10.6001
12,H,V,V,12,1.4361,-7.8277,-8.5809,-9.8088,-7.2065,-9.1375,-9.4562,-11.3671,-3.1847,-6.2377,-4.7328,-4.8266,-10.0802,-10.1545,-7.8956,-7.0892,-8.1722,-4.6875,-0.0753,-12.5126,-11.6484
13,H,Q,K,13,3.2665,-4.4073,-11.1128,-8.5466,-5.6033,-8.0184,-8.5964,-7.5138,-7.2104,-0.5468,-5.2903,-5.8203,-6.1288,-6.7893,-1.9173,-1.4902,-5.5127,-4.3410,-6.0107,-9.6399,-9.5578
14,H,A,A,14,4.6744,-1.1042,-8.7439,-7.2523,-5.5329,-7.8290,-7.6116,-7.8974,-6.9370,-6.2720,-3.9195,-6.2256,-7.3307,-1.1071,-4.0527,-5.5645,-1.5730,-2.7869,-4.1315,-9.6580,-8.4822
15,H,G,G,15,1.0414,-8.1315,-11.3919,-9.5833,-8.4335,-12.5394,-0.0052,-11.3170,-12.0171,-7.7682,-10.3051,-10.6776,-9.0100,-14.0160,-9.7132,-7.2253,-5.8299,-8.3751,-10.9927,-12.6095,-13.7139
16,H,G,G,16,1.0027,-13.7564,-18.1468,-15.9178,-14.0487,-19.3414,-0.0003,-15.2957,-17.6004,-12.1525,-16.7089,-18.7009,-14.7388,-18.7549,-13.8149,-8.1808,-13.0608,-15.2535,-16.6090,-18.1849,-18.1283
17,H,S,S,17,1.0397,-5.9175,-11.8625,-11.5426,-11.3934,-7.8997,-7.3436,-9.3620,-15.2512,-10.0412,-11.4404,-11.8208,-9.5232,-11.6063,-9.4434,-7.4531,-0.0050,-8.3114,-14.4580,-10.4177,-10.2171
18,H,L,L,18,1.0739,-10.4351,-13.3924,-12.1449,-9.8323,-11.1333,-15.1621,-11.3535,-6.9549,-7.3394,-0.0103,-7.3762,-10.8166,-12.5090,-7.2638,-5.0990,-10.0470,-10.3325,-6.9606,-12.9643,-12.5323
19,H,T,R,19,1.2413,-8.3518,-10.6862,-10.1711,-8.6243,-11.0247,-10.9009,-10.0305,-8.2963,-4.1686,-7.3929,-8.6130,-8.2685,-12.1228,-6.6915,-0.0384,-5.1947,-4.3861,-6.8283,-11.2113,-12.0002
20,H,L,L,20,1.0017,-14.5110,-15.2428,-18.1654,-15.5872,-10.2864,-16.4044,-15.6693,-10.5057,-15.5187,-0.0002,-9.4615,-16.3551,-18.7103,-12.9602,-13.7367,-13.9516,-16.3049,-12.0982,-13.1570,-14.9999
21,H,S,S,21,2.5517,-5.0188,-9.8290,-7.2457,-7.9533,-6.2700,-7.1768,-7.3819,-5.4519,-6.3959,-6.7166,-8.5067,-4.2691,-9.7009,-7.5010,-4.7181,-0.6144,-0.8842,-6.9598,-9.6506,-5.7838
22,H,C,C,22,1.0007,-9.8292,-0.0001,-15.7534,-15.6394,-18.7095,-12.6597,-18.7108,-16.5442,-19.7347,-14.7798,-16.8803,-16.5827,-20.9031,-17.2421,-17.7596,-12.4028,-15.1147,-12.9053,-18.3624,-20.9693
23,H,T,A,23,5.6265,-1.0830,-8.7253,-4.3253,-2.2128,-8.0951,-4.3678,-5.8745,-4.7025,-5.2710,-5.2642,-8.2081,-5.4850,-11.7952,-4.9349,-3.9526,-3.9247,-1.4046,-1.5754,-7.9036,-9.0259
24,H,F,V,24,3.8854,-0.9867,-6.6670,-7.4838,-5.7517,-4.8402,-4.9230,-10.2882,-4.9653,-9.8206,-2.1014,-3.6767,-8.5697,-10.6959,-8.1688,-6.4707,-6.1148,-3.5751,-0.8693,-7.2788,-8.6999
25,H,S,S,25,1.0481,-6.5766,-12.7873,-8.7310,-11.0825,-9.1148,-6.2383,-10.4148,-12.1236,-9.8904,-11.4053,-12.6348,-8.6272,-10.6458,-10.2575,-7.6054,-0.0060,-6.5181,-12.7154,-11.2342,-10.6389
26,H,S,G,26,1.3141,-5.0819,-10.1085,-4.7123,-5.5293,-9.4095,-0.0469,-8.4312,-10.7160,-7.7811,-8.2737,-9.8210,-6.5288,-11.1104,-7.3040,-4.8520,-4.2523,-7.1883,-9.0142,-8.5480,-8.1972
27,H,E,G,27,5.9257,-3.3534,-6.4566,-2.2110,-3.8503,-2.9829,-0.6636,-4.6501,-4.1245,-6.7771,-3.9021,-6.5081,-4.3258,-6.1191,-5.0019,-4.8020,-1.9875,-3.9876,-4.0563,-6.8717,-4.2621
28,H,Y,D,28,5.9545,-3.1867,-8.0598,-1.0126,-6.7890,-1.6498,-5.0701,-3.1728,-6.2114,-8.2050,-7.0244,-9.3609,-3.5916,-6.7276,-8.3454,-7.7229,-1.9136,-5.7694,-7.2094,-4.1625,-1.8705
29,H,T,T,29,1.6714,-6.0155,-10.7886,-5.7088,-8.7003,-8.9466,-10.0375,-7.6119,-5.7091,-6.6208,-8.5888,-9.5793,-4.3747,-11.1622,-8.6734,-5.1840,-2.4731,-0.1290,-5.0524,-10.5240,-7.9795
30,H,F,F,30,1.0256,-11.3753,-12.7544,-10.7148,-14.2711,-0.0030,-14.2699,-10.0587,-8.4057,-15.8828,-8.2376,-8.4743,-11.4658,-14.7825,-15.4674,-14.6905,-10.2746,-10.2149,-7.5277,-8.8485,-6.5435
31,H,T,S,31,9.3126,-2.9080,-7.6864,-2.7986,-2.7933,-5.7668,-5.1978,-5.2080,-3.2188,-4.1579,-2.7307,-4.5620,-3.0011,-6.5757,-5.0211,-2.1311,-1.0907,-2.0858,-3.7470,-6.6652,-4.1373
32,H,H,N,32,8.6248,-4.5183,-7.5152,-1.4914,-2.8210,-4.1745,-5.4538,-3.7093,-4.6259,-4.4345,-5.7364,-5.7994,-1.4367,-7.8119,-5.4908,-3.6395,-2.1864,-1.9392,-5.0690,-4.5227,-2.4069
33,H,N,S,33,6.5713,-4.7431,-5.7508,-1.2094,-4.8241,-3.9117,-3.0264,-4.0164,-7.2868,-6.5461,-3.3134,-6.3519,-2.4857,-8.5406,-4.1665,-6.3592,-1.1959,-4.9219,-7.9567,-5.6714,-1.9609
34,H,A,G,34,2.0659,-1.4796,-7.0432,-8.3485,-9.5983,-9.9489,-0.3131,-9.9462,-9.3933,-13.3450,-6.1669,-8.3772,-7.4704,-8.9574,-10.3070,-11.4714,-3.3489,-6.7149,-8.3742,-10.1684,-10.3371
35,H,V,V,35,2.1485,-6.6830,-8.3018,-12.6578,-12.7653,-6.8577,-9.8438,-11.0946,-0.7574,-13.9364,-6.6638,-5.0324,-9.7988,-14.1658,-12.2803,-13.0041,-9.1452,-6.9391,-0.6551,-9.3354,-9.9728
36,H,G,G,36,4.2125,-2.0585,-7.8724,-5.9030,-7.1549,-11.1334,-0.7505,-5.2252,-7.9701,-8.5037,-7.7072,-8.3545,-1.8966,-12.8284,-5.5179,-6.7321,-1.6051,-3.4477,-6.3796,-11.9481,-10.8010
37,H,W,W,37,1.0695,-10.0239,-10.3644,-12.6349,-11.3109,-5.8757,-10.9384,-8.1662,-7.1932,-12.3987,-6.8540,-6.7797,-10.3485,-17.6492,-9.7142,-10.0042,-9.9012,-9.8502,-5.9727,-0.0090,-10.3080
38,H,F,F,38,2.4145,-9.4447,-7.0934,-12.5174,-9.1239,-0.3318,-9.1966,-4.3325,-7.4669,-8.4658,-1.7809,-5.7392,-7.8227,-16.8026,-7.3402,-7.5269,-7.8980,-9.0325,-6.6432,-6.3207,-2.4033
39,H,R,R,39,1.0047,-12.6155,-10.2894,-16.0078,-13.0541,-14.6966,-11.2054,-9.4862,-12.1247,-10.2803,-12.0993,-12.6167,-11.7309,-16.2769,-8.4616,-0.0004,-11.3974,-11.5867,-10.5261,-12.8649,-15.1856
40,H,Q,Q,40,1.1452,-8.5091,-11.1789,-11.7184,-5.9186,-12.8804,-10.0087,-6.9044,-8.0819,-4.9258,-6.6364,-8.8385,-10.5640,-13.4172,-0.0210,-4.9972,-9.3803,-8.5140,-7.3045,-11.9685,-13.3771
41,H,A,A,41,1.3097,-0.0584,-9.8892,-11.4431,-11.6463,-12.1598,-5.6392,-8.2032,-13.2211,-11.5601,-12.4523,-12.2814,-10.1744,-6.3215,-9.9802,-7.3977,-3.1824,-4.7594,-8.5218,-11.4684,-13.2377
42,H,P,P,42,1.1050,-6.2943,-12.1757,-9.3092,-8.6208,-11.2933,-8.6873,-8.9611,-9.1869,-10.6644,-7.2217,-12.0150,-10.5040,-0.0146,-8.5729,-6.8362,-4.9694,-5.9358,-8.1792,-10.6040,-12.4943
43,H,G,G,43,1.0183,-7.4412,-14.3155,-8.1818,-7.4391,-12.0815,-0.0020,-10.9159,-14.4084,-10.6391,-9.9474,-12.1257,-11.5150,-13.0711,-10.7794,-8.4618,-9.9711,-9.1128,-10.6371,-11.1736,-13.3752
44,H,K,K,44,1.3253,-8.9228,-11.5240,-10.4157,-5.9685,-9.4714,-10.0325,-6.6539,-11.3060,-0.0566,-6.4957,-8.4974,-7.2673,-14.3999,-4.0038,-3.5424,-8.2028,-7.0508,-11.6600,-11.4283,-9.6293
45,H,E,G,45,3.8678,-1.0481,-8.1223,-5.0762,-4.9338,-8.1738,-0.7652,-7.5881,-8.5831,-5.9694,-5.1611,-7.5831,-6.0475,-4.8146,-5.8969,-2.3749,-4.3963,-3.4204,-4.7474,-7.6366,-8.4861
46,H,R,P,46,4.8657,-3.6967,-8.9649,-10.3247,-7.5463,-7.1761,-7.9186,-11.1973,-2.2057,-6.5156,-1.4495,-2.3986,-9.4839,-0.7978,-6.9583,-4.8698,-6.2386,-3.2743,-3.3014,-7.5647,-10.9172
47,H,E,E,47,1.4506,-6.1670,-12.1488,-7.4231,-0.0866,-9.6004,-9.5061,-8.5237,-7.6658,-5.2778,-7.0906,-6.9318,-9.8790,-14.3124,-2.7674,-5.9209,-8.4477,-7.0017,-5.1395,-11.2175,-11.5983
48,H,G,G,48,3.2283,-6.1523,-6.9963,-9.8126,-9.3700,-1.7134,-0.5301,-5.3724,-8.4784,-11.1846,-4.0193,-7.5191,-8.3584,-8.1612,-9.2053,-7.8163,-6.8127,-8.8661,-7.5993,-1.7556,-3.5381
49,H,V,V,49,1.8734,-11.2263,-11.6520,-15.5122,-11.8282,-11.1550,-16.6314,-12.7861,-2.8919,-9.8467,-2.0176,-5.5134,-14.1803,-17.2833,-10.2557,-8.7416,-13.3008,-10.0518,-0.2143,-9.7180,-12.8611
50,H,A,A,50,1.2967,-0.0684,-7.5851,-10.7121,-12.2794,-10.8751,-8.0723,-12.6039,-12.0864,-14.7660,-10.3101,-8.7042,-9.4840,-15.1171,-12.7315,-12.5218,-2.7628,-6.2956,-10.3855,-13.9795,-12.9547
51,H,A,S,51,3.1634,-0.9217,-4.8412,-5.4206,-7.2387,-5.6765,-2.8167,-6.4644,-9.7702,-9.8853,-4.5922,-4.8055,-5.2913,-12.4324,-7.3986,-8.4925,-0.7109,-5.1832,-8.7089,-6.4630,-6.4865
52,H,I,I,52,1.1412,-10.3863,-11.6196,-12.8690,-11.6022,-10.4576,-12.8310,-12.3059,-0.0224,-10.3986,-4.8573,-5.7937,-10.0207,-14.8810,-10.5530,-9.0253,-9.8082,-7.9409,-4.5484,-11.6304,-11.9374
53,H,N,N,53,3.6524,-8.5596,-4.7727,-3.2878,-6.9074,-7.2926,-7.4241,-7.0589,-1.5999,-6.0289,-4.1938,-6.9391,-0.4958,-11.8475,-7.8237,-5.3038,-4.8477,-2.6348,-3.5491,-4.9801,-7.1095
54,H,G,G,54,1.0021,-11.4645,-12.4568,-11.9811,-12.4980,-12.7089,-0.0002,-13.0890,-11.1822,-12.9711,-10.5153,-13.8957,-12.0497,-14.8194,-12.8700,-11.4832,-11.5495,-14.2297,-12.3525,-9.7886,-11.7454
55,H,G,G,55,1.0103,-9.1990,-12.2976,-9.6216,-9.2760,-11.7024,-0.0010,-11.4021,-11.1766,-10.7405,-8.9475,-11.8192,-8.9291,-13.1043,-10.9908,-8.1672,-9.9574,-11.3099,-10.8700,-11.0892,-10.8577
56,H,G,G,56,1.3265,-4.6771,-9.7184,-6.3399,-5.4379,-9.2190,-0.0564,-9.6238,-9.8857,-8.6288,-9.2021,-9.0104,-7.3617,-12.9022,-8.3944,-6.4283,-3.3561,-7.1309,-7.8122,-9.4467,-9.1042
57,H,G,G,57,1.0013,-11.1593,-15.6321,-11.5833,-12.3937,-14.3371,-0.0001,-14.8639,-13.7420,-11.8908,-12.0080,-15.0974,-12.2522,-13.9039,-13.3522,-10.3799,-10.9694,-12.5289,-14.1758,-14.8604,-13.4047
58,H,S,S,58,11.2633,-2.6468,-7.4767,-1.9419,-3.8065,-2.8677,-5.1171,-3.6159,-3.6896,-4.1962,-2.0026,-3.9610,-2.4349,-8.3976,-4.2997,-3.8595,-1.6519,-3.9097,-4.7970,-5.9305,-2.0099
59,H,T,I,59,2.4376,-9.2533,-10.1004,-9.7961,-7.1498,-8.4653,-10.9656,-9.6445,-0.3606,-6.2528,-5.6665,-6.9075,-8.4989,-13.2224,-6.7674,-5.7052,-8.1258,-2.0897,-1.7957,-9.1658,-8.1191
60,H,Y,Y,60,2.0212,-5.2921,-8.3207,-4.3405,-7.4298,-2.8201,-4.2624,-2.7641,-10.8601,-8.6186,-9.3066,-10.6055,-5.8988,-11.7326,-9.0476,-8.3683,-5.6177,-8.6493,-9.3243,-5.9325,-0.1810
61,H,Y,Y,61,1.0873,-10.1184,-9.5645,-10.4425,-11.8263,-4.6483,-12.0386,-5.9438,-12.3540,-10.4518,-8.3028,-11.4525,-8.5080,-14.5047,-10.6325,-9.4658,-8.3131,-10.1147,-11.5416,-9.1693,-0.0134
62,H,A,A,62,1.6934,-0.1426,-9.9248,-8.0765,-9.1394,-10.2552,-4.5912,-7.6212,-10.1352,-7.6609,-7.0793,-9.3479,-7.1336,-6.2092,-8.7049,-5.2069,-2.3172,-4.3855,-7.0336,-11.2899,-11.3429
63,H,D,D,63,3.4031,-3.2784,-11.2814,-0.3288,-2.8631,-8.9398,-3.9507,-5.4593,-7.7317,-5.2589,-6.8466,-7.8114,-3.2006,-4.3341,-4.2827,-3.9071,-3.1126,-3.9251,-6.5054,-8.8958,-6.8160
64,H,S,S,64,1.5314,-3.9082,-12.3739,-8.4391,-8.4317,-6.4777,-9.8516,-10.5360,-8.4670,-6.5295,-8.6914,-8.8074,-7.8687,-8.9110,-9.5531,-6.7938,-0.1075,-2.6139,-7.0882,-6.2646,-9.3674
65,H,V,V,65,1.0083,-10.8537,-15.3411,-17.1285,-13.0295,-11.7026,-14.7560,-17.3098,-8.2915,-14.0425,-7.4400,-10.0842,-16.0791,-16.6876,-15.1012,-14.3582,-15.7532,-11.3339,-0.0009,-15.5642,-16.2872
66,H,K,K,66,1.3470,-7.7193,-12.1652,-9.4633,-4.4410,-9.2248,-11.1637,-9.2391,-6.3906,-0.0534,-7.2060,-6.1499,-7.9522,-13.5477,-5.3433,-4.0289,-7.9802,-4.5702,-6.8801,-9.0700,-8.7869
67,H,D,G,67,1.0757,-7.0190,-11.2153,-5.0878,-7.1572,-10.7344,-0.0104,-10.0501,-12.9544,-9.4398,-11.2944,-11.5478,-7.6735,-13.5483,-10.1484,-8.2902,-6.6489,-8.7837,-9.1590,-10.9180,-10.4013
68,H,R,R,68,1.0074,-13.1884,-12.2931,-12.8355,-12.6977,-13.3360,-12.9637,-8.6661,-14.1235,-8.2405,-11.2925,-13.1300,-10.9811,-16.1245,-9.1723,-0.0007,-10.7106,-10.8521,-14.5869,-9.1538,-12.4430
69,H,F,F,69,1.0232,-9.3808,-10.4130,-12.8376,-14.6260,-0.0030,-11.1601,-11.7189,-10.4911,-16.3424,-5.9873,-9.8268,-13.1053,-17.9404,-14.5826,-15.6239,-10.5924,-13.0514,-9.7730,-10.4407,-8.6498
70,H,T,T,70,1.2656,-5.6453,-14.1470,-9.2317,-7.6990,-8.9553,-11.0520,-10.9174,-3.8252,-7.8445,-7.9888,-7.4050,-7.7068,-13.6360,-8.9682,-7.3459,-4.7703,-0.0427,-5.3748,-12.0883,-10.5219
71,H,I,I,71,1.4065,-11.8903,-14.1284,-17.0588,-15.1436,-12.8224,-11.7912,-16.7315,-0.1128,-14.6684,-10.3260,-11.7432,-14.5195,-12.6861,-14.3237,-14.8804,-12.6792,-9.1289,-2.2393,-16.9241,-17.7806
72,H,S,S,72,1.0717,-6.4339,-12.7737,-7.9295,-8.9260,-7.9702,-7.4713,-9.8456,-9.4928,-8.3736,-8.0181,-9.0896,-6.7378,-13.2123,-8.9342,-8.0040,-0.0089,-5.7912,-10.1766,-12.1563,-8.2206
73,H,R,R,73,1.2315,-6.3666,-11.8635,-11.4929,-8.5810,-14.3193,-8.3820,-11.2672,-8.8586,-5.4154,-4.5544,-8.4782,-7.3848,-11.9982,-7.8573,-0.0363,-6.6255,-4.1599,-8.4348,-11.9981,-13.0727
74,H,D,D,74,1.4150,-7.3694,-10.0116,-0.0662,-4.8223,-10.7136,-7.4189,-7.5680,-6.8649,-7.4724,-7.2874,-9.7185,-3.5882,-8.1971,-6.7370,-6.4503,-5.5726,-4.1208,-6.8942,-10.3454,-9.6257
75,H,N,N,75,10.7547,-3.3100,-9.6577,-1.5712,-3.4217,-4.7584,-5.1207,-5.5257,-2.5795,-4.0209,-3.4239,-3.0017,-1.5037,-3.9157,-4.8244,-4.5191,-2.5102,-2.1352,-3.2003,-5.8575,-3.7236
76,H,A,A,76,3.2136,-0.7203,-10.9751,-4.0995,-6.5902,-5.9736,-3.9667,-7.7088,-7.2808,-7.9484,-4.9173,-6.7172,-4.8613,-6.1564,-7.1659,-6.1119,-0.8857,-3.5772,-5.3044,-6.7111,-5.4008
77,H,N,N,77,5.6903,-2.4749,-6.3669,-2.2428,-4.3863,-4.6979,-3.1029,-5.1970,-7.8563,-4.5789,-7.6766,-3.8083,-0.9753,-12.5082,-5.5384,-5.9199,-1.2155,-5.0371,-7.0609,-5.1946,-4.6570
78,H,T,T,78,4.9261,-5.6979,-8.2219,-5.5853,-6.1519,-6.9243,-8.7601,-4.2510,-5.1126,-1.7356,-6.0525,-5.1708,-2.5891,-11.9001,-3.8754,-1.9286,-3.0044,-0.7179,-6.6173,-8.3044,-5.3782
79,H,V,I,79,6.3613,-4.6249,-8.3625,-3.7459,-2.6106,-5.8064,-6.9069,-4.5896,-0.7927,-4.0852,-4.2079,-3.5721,-3.6397,-14.3556,-3.4765,-4.1639,-4.6406,-2.5837,-1.5938,-7.1248,-5.4202
80,H,A,A,80,1.2494,-0.0410,-6.3435,-8.2846,-10.6722,-9.2413,-6.8149,-8.7979,-9.3782,-12.6345,-10.9328,-8.3454,-8.2226,-12.6882,-10.0491,-12.6183,-4.8463,-3.8128,-5.1068,-13.2397,-8.9476
81,H,S,Y,81,3.0317,-5.3620,-9.2842,-6.1171,-7.6146,-2.8739,-5.8132,-5.0100,-7.0825,-5.5902,-5.0800,-5.6431,-3.3752,-11.7274,-7.0796,-5.5224,-1.9337,-3.8075,-7.1468,-6.1309,-0.3521
82,H,L,L,82,1.0013,-13.3356,-16.2030,-16.6928,-15.3343,-10.3326,-15.4172,-14.9101,-13.4900,-15.7308,-0.0001,-9.9362,-16.6069,-18.8763,-13.0844,-14.8811,-14.9117,-16.3366,-10.5441,-15.2151,-14.4720
83,H,I,Q,83,1.9188,-4.9646,-10.4158,-5.4910,-3.2317,-7.6124,-6.5431,-3.8656,-6.5463,-3.8448,-5.7676,-7.6413,-5.2351,-10.1747,-0.1351,-4.8632,-5.5097,-5.2407,-5.9047,-8.6490,-6.8228
84,H,M,M,84,1.1686,-6.7482,-8.0451,-13.9397,-12.3499,-8.7235,-9.6937,-15.8114,-4.1160,-14.5629,-4.8252,-0.0278,-12.4204,-15.2026,-11.4323,-13.8599,-8.4875,-9.1162,-6.8447,-13.5446,-16.1246
85,H,K,N,85,4.9339,-5.0372,-10.0355,-5.4724,-5.9681,-8.0470,-5.1789,-6.4536,-5.1393,-2.6303,-5.7050,-5.4865,-0.9887,-11.7086,-5.1540,-2.6974,-2.1072,-1.1274,-6.2628,-8.4598,-6.9101
86,H,N,N,86,2.4583,-6.0020,-9.5916,-3.2350,-5.3808,-8.2780,-3.7458,-6.7723,-8.1790,-4.6994,-8.1483,-9.0076,-0.2487,-10.1103,-6.2365,-4.5750,-2.2606,-3.9527,-7.8985,-8.1824,-6.0317
87,H,L,L,87,1.1417,-7.1628,-9.0847,-11.9307,-11.1214,-8.8774,-8.1014,-10.5665,-7.3127,-8.6167,-0.0220,-4.2846,-8.5769,-10.6110,-8.8052,-9.2428,-9.1168,-6.9729,-5.4703,-11.9309,-12.5094
88,H,K,K,88,3.0716,-4.8304,-10.4593,-5.3925,-4.5807,-8.5058,-6.8676,-5.5520,-7.8066,-0.5048,-4.7652,-5.7942,-4.5779,-10.4071,-3.6262,-1.2301,-6.2793,-3.7298,-7.4610,-8.0684,-7.5934
89,H,P,P,89,4.3913,-2.6899,-8.2855,-4.4934,-5.5521,-4.1963,-5.8377,-6.1250,-5.8035,-6.1606,-6.3486,-7.0822,-3.2996,-0.5490,-6.0976,-6.8290,-3.0906,-1.7110,-4.1214,-7.2139,-3.5741
90,H,E,E,90,1.4961,-5.0293,-12.8570,-2.3798,-0.1128,-10.6318,-5.7423,-10.6308,-9.4745,-9.1990,-8.9804,-8.7781,-9.6255,-9.6906,-6.9396,-10.0454,-8.4486,-9.1400,-6.0559,-10.8721,-10.7620
91,H,D,D,91,1.0047,-12.4337,-14.1191,-0.0005,-9.4614,-12.3987,-13.5436,-8.9990,-14.1723,-16.4394,-13.8825,-11.4236,-8.4298,-17.7717,-14.6363,-17.7772,-13.2545,-12.0482,-12.7174,-15.3983,-11.5263
92,H,S,T,92,1.8754,-6.2138,-11.8356,-11.1382,-7.7402,-10.3317,-7.4698,-12.0087,-12.9050,-10.4603,-11.9352,-8.2168,-10.7518,-13.4975,-9.1194,-9.7821,-1.2416,-0.3460,-14.7452,-12.1199,-11.8927
93,H,G,G,93,1.0528,-4.8639,-10.8122,-11.3510,-14.2613,-14.4237,-0.0084,-17.3642,-11.4241,-15.8270,-11.8201,-13.5095,-15.2221,-14.4310,-17.5303,-13.6972,-10.7959,-10.0664,-7.4729,-19.2125,-15.8547
94,H,I,I,94,4.1008,-6.0840,-9.8034,-6.3641,-5.8419,-6.0513,-9.0794,-7.7246,-1.0471,-5.4527,-4.4358,-3.7187,-5.5139,-10.8148,-6.9948,-4.7687,-5.2840,-1.0541,-1.4719,-6.7328,-6.8558
95,H,Y,Y,95,1.0484,-10.2544,-8.9586,-11.1270,-13.3205,-4.9922,-13.3519,-8.4504,-11.1114,-12.8986,-9.6198,-11.9430,-10.5080,-14.9897,-13.7851,-12.5298,-9.9881,-11.4412,-9.9719,-11.2464,-0.0075
96,H,Y,Y,96,1.7207,-9.8015,-9.9008,-8.6101,-7.4121,-1.9019,-11.4650,-5.1435,-6.5838,-8.3458,-6.8368,-7.6309,-7.6923,-15.1961,-7.9674,-7.1372,-6.5420,-5.9162,-7.0947,-7.3994,-0.1820
97,H,C,C,97,1.0020,-9.4124,-0.0002,-15.7608,-19.0142,-14.9892,-10.3306,-18.1718,-18.0454,-19.6756,-17.6821,-15.9788,-14.4242,-15.5010,-18.4173,-18.7452,-9.4961,-15.0647,-16.7733,-15.8328,-17.3822
98,H,A,A,98,1.2997,-0.0498,-8.0721,-9.3715,-7.8352,-10.3582,-5.7454,-9.7071,-8.8729,-8.8513,-8.7996,-6.2582,-7.9298,-12.0018,-7.9828,-7.9510,-3.7411,-4.1628,-6.3607,-12.1434,-10.8914
99,H,T,T,99,2.9435,-4.0136,-6.8949,-4.7730,-8.2443,-9.9943,-4.3800,-7.6890,-7.1739,-7.0099,-8.7840,-6.5709,-3.2679,-10.7596,-8.0358,-5.0401,-0.9341,-0.6596,-7.4795,-8.2328,-8.3731
100,H,D,G,100,8.8328,-2.4857,-6.0714,-1.7208,-1.8912,-5.2808,-1.2125,-4.3383,-6.1019,-4.5609,-3.6982,-4.4746,-3.0883,-9.8549,-3.9355,-3.7846,-2.4511,-3.9246,-5.3442,-4.4735,-4.5888
101,H,V,G,101,10.0945,-2.2722,-4.2091,-5.7569,-4.1268,-4.7721,-1.3159,-4.2182,-3.0675,-7.2053,-2.6391,-3.2951,-5.0396,-2.3730,-2.7312,-5.4639,-3.8685,-3.2540,-1.7320,-7.5176,-4.6530
102,H,R,I,102,11.2861,-3.4254,-6.7226,-3.4825,-2.5388,-4.7650,-5.4338,-4.3499,-1.5711,-3.7882,-2.3486,-3.8925,-3.7252,-6.8640,-3.4210,-2.9769,-3.6308,-2.2094,-1.6084,-5.6253,-3.3363
103,H,L,L,103,1.9116,-5.4662,-8.6446,-6.5924,-5.7767,-7.6896,-5.6138,-8.4863,-4.7174,-7.2012,-0.1500,-2.5266,-5.4236,-5.5610,-4.9971,-5.7517,-4.6750,-5.3194,-5.7382,-8.1612,-7.4702
104,H,I,L,104,8.4093,-4.0720,-7.6308,-2.7316,-1.3670,-6.2688,-3.4008,-6.0797,-3.2320,-4.5727,-1.2225,-3.4745,-4.9790,-6.8027,-2.5889,-3.6388,-4.6409,-2.9231,-2.6151,-6.8087,-5.9428
105,H,D,Y,105,9.5721,-4.6689,-6.8161,-1.8516,-2.8769,-2.8450,-5.4407,-3.2892,-7.4059,-2.8184,-3.2978,-5.1203,-2.8006,-5.4837,-3.7194,-2.5879,-3.6517,-4.7098,-7.0900,-3.1920,-1.1027
106,H,W,Y,106,3.7258,-5.5731,-8.1644,-6.7313,-7.5968,-1.3366,-8.8969,-5.1622,-6.1775,-8.0093,-6.7115,-7.1352,-7.4611,-13.7818,-8.4829,-7.9440,-7.1252,-4.6278,-1.4351,-3.4953,-0.8186
107,H,Y,F,107,3.5324,-4.0484,-6.5880,-6.7575,-5.9244,-0.5010,-6.6366,-3.7265,-4.8098,-8.2078,-2.7701,-5.1932,-6.1855,-10.6497,-6.5056,-7.4732,-6.4134,-6.4690,-3.9059,-4.5532,-1.4637
108,H,S,S,108,2.3779,-4.5965,-6.3609,-5.3493,-7.1621,-7.1458,-4.6606,-5.7185,-7.7027,-7.5396,-5.9884,-4.8759,-1.9078,-12.0484,-6.3371,-6.1918,-0.2606,-3.5908,-8.2680,-6.1310,-5.2613
109,H,G,G,109,1.0484,-7.9708,-11.0264,-6.0186,-7.3950,-10.5202,-0.0058,-9.9967,-9.9435,-9.1010,-8.9354,-10.2220,-8.0242,-11.0798,-9.3230,-7.6545,-7.1952,-8.7903,-10.0518,-10.3082,-9.3517
110,H,D,Y,110,7.3349,-4.3770,-6.7476,-3.2729,-3.0808,-2.8149,-6.6112,-2.8821,-8.5101,-3.0157,-3.6785,-5.1961,-2.6144,-8.5432,-4.2013,-2.6922,-3.4108,-5.3904,-8.0095,-3.2966,-0.7463
111,H,W,A,111,4.8375,-0.6743,-6.5525,-4.9310,-5.0816,-2.4240,-5.1303,-5.6210,-8.8608,-8.2652,-6.6440,-7.3686,-6.7614,-2.2018,-7.3041,-7.8730,-2.7309,-5.5460,-5.4316,-3.6260,-1.8183
112,H,S,G,112,4.9317,-3.5942,-6.9996,-2.5619,-4.6825,-2.4753,-0.5939,-3.1841,-8.8728,-5.9754,-6.5151,-7.4414,-4.4044,-7.9454,-6.1110,-5.8701,-3.3088,-8.7160,-7.4904,-4.0086,-2.0429
113,H,L,D,113,11.4685,-3.2081,-6.5419,-1.4450,-2.1207,-4.9682,-4.5218,-4.5031,-3.0796,-3.1844,-3.2874,-4.4613,-1.7229,-6.6054,-4.1631,-3.1190,-3.2753,-2.8484,-2.9041,-5.5811,-3.1403
114,H,A,L,114,9.5433,-3.3535,-6.6935,-4.4832,-3.1376,-4.5474,-3.1538,-4.8448,-2.1634,-3.6246,-0.9424,-3.6326,-4.1008,-2.3356,-3.1221,-3.2228,-4.3885,-3.9742,-3.2179,-5.1222,-4.1474
115,H,R,S,115,13.2935,-2.0659,-7.2744,-2.1913,-2.4387,-5.2339,-2.8521,-3.8778,-4.5922,-3.2355,-4.2120,-4.5040,-2.8889,-3.7913,-3.6264,-2.6729,-1.6415,-2.5910,-4.0657,-3.9530,-3.3351
116,H,L,L,116,5.9808,-6.3601,-7.6401,-4.1004,-4.3581,-2.2486,-5.5945,-3.5162,-2.6709,-6.5697,-0.8330,-5.5831,-3.6816,-8.0224,-5.3326,-5.5212,-6.9248,-5.3432,-3.5030,-3.6622,-1.4941
117,H,Y,F,117,2.4116,-7.1367,-7.5617,-7.9590,-8.6354,-0.4626,-8.5426,-5.0246,-6.3353,-7.7139,-4.3659,-5.1486,-5.5776,-10.1208,-8.4731,-8.1480,-6.3397,-7.6461,-6.8781,-5.2675,-1.1140
118,H,S,D,118,11.4086,-2.0822,-6.5428,-1.3838,-3.1808,-5.2845,-2.9557,-3.9022,-4.9802,-2.8834,-3.7887,-4.1097,-3.0601,-7.0620,-3.1650,-2.4440,-1.9223,-3.3024,-4.2462,-4.6200,-3.9874
119,H,T,T,119,7.0799,-5.0072,-6.6096,-4.1335,-5.7773,-7.0641,-6.3868,-5.0423,-1.7061,-5.8375,-2.1155,-4.9771,-2.4714,-8.5904,-4.9031,-5.1642,-2.5332,-1.2110,-1.7560,-7.7623,-5.6200
120,H,W,W,120,1.0090,-12.7733,-13.3560,-12.1697,-12.3917,-7.6920,-12.9350,-10.3754,-11.1942,-11.7510,-8.8202,-10.3333,-11.8833,-15.6370,-11.9488,-9.7078,-12.0832,-12.0856,-10.3170,-0.0009,-9.2571
121,H,G,G,121,1.0210,-7.1205,-11.9111,-9.2254,-10.7442,-13.4924,-0.0027,-13.4707,-15.1893,-13.9135,-13.2602,-13.6835,-11.7137,-12.3405,-12.5550,-12.2703,-6.3898,-12.1337,-13.1517,-13.2819,-14.0165
122,H,Q,Q,122,2.2874,-5.2166,-9.0922,-6.2867,-5.1128,-7.4867,-4.7562,-4.7081,-6.4473,-3.9406,-3.6920,-5.9499,-6.2715,-3.5329,-0.1799,-3.2500,-5.4378,-5.1214,-6.4693,-7.0299,-6.2692
123,H,G,G,123,1.0001,-12.4824,-15.9615,-13.4927,-13.9485,-18.3088,-0.0000,-17.4515,-19.5688,-15.8790,-15.2228,-18.5874,-15.7796,-16.1803,-16.3183,-14.0581,-14.6184,-17.0763,-15.1694,-15.9358,-17.1817
124,H,T,T,124,1.2628,-5.4132,-10.2507,-9.1639,-8.1982,-10.9174,-8.1160,-11.1402,-5.0526,-8.5602,-9.7449,-9.2503,-7.2252,-11.5482,-9.3325,-8.9072,-5.1308,-0.0432,-3.7539,-11.9550,-10.4107
125,H,Q,L,125,4.1262,-3.9945,-8.3686,-5.3261,-4.4225,-5.9834,-5.5920,-6.0521,-5.6068,-5.0422,-0.4330,-2.3056,-5.6727,-2.4746,-3.7937,-4.4302,-4.4939,-3.1916,-3.9715,-6.0540,-6.2273
126,H,V,V,126,1.1148,-10.4579,-12.6265,-13.5725,-11.6571,-12.2007,-11.2072,-12.8626,-5.7027,-12.4857,-4.1296,-8.5261,-12.0975,-14.9302,-11.6911,-12.8444,-13.2931,-9.2093,-0.0200,-14.4804,-13.7279
127,H,T,T,127,3.5700,-5.0572,-8.7237,-4.0803,-5.1319,-7.2810,-7.9281,-7.2133,-1.1494,-5.7907,-4.9984,-5.4401,-4.3966,-9.3322,-6.3563,-7.0271,-4.0145,-0.6420,-2.5537,-8.0697,-7.6781
128,H,V,V,128,1.0220,-8.4667,-10.9300,-14.7489,-13.5859,-13.9254,-14.6438,-16.3368,-6.1161,-13.5281,-11.6518,-10.6971,-12.4768,-15.0551,-13.9555,-12.9765,-11.4308,-7.9429,-0.0028,-16.3132,-14.9262
129,H,S,S,129,2.0571,-4.5284,-7.4225,-4.4737,-6.3847,-6.0434,-7.6866,-6.7644,-5.0872,-4.4572,-3.5642,-6.5071,-4.9194,-9.6589,-6.3179,-4.5093,-0.1464,-3.8585,-4.0625,-8.0441,-6.6186
130,H,S,S,130,2.7616,-1.9236,-7.8658,-5.2983,-6.4879,-9.6017,-1.9711,-8.1384,-8.7268,-6.0952,-7.5989,-7.8676,-6.0193,-6.7902,-6.0432,-4.5406,-0.3885,-4.7672,-7.4444,-9.8165,-8.3721
1,A,V,V,1,6.8028,-2.8706,-9.0395,-5.5556,-3.2237,-5.7566,-8.2889,-6.6206,-1.4978,-6.3609,-3.2940,-5.7277,-5.5245,-3.5114,-3.6365,-6.1213,-2.7985,-1.9134,-1.0426,-7.3107,-5.2963
2,A,E,V,2,3.9653,-4.9610,-8.5254,-7.4849,-3.3748,-10.1207,-8.9206,-9.7601,-1.7708,-5.0259,-3.8831,-4.0334,-5.3058,-8.9066,-2.6636,-4.7110,-5.7988,-2.9440,-0.5055,-10.4042,-11.5828
3,A,C,A,3,1.4475,-0.0909,-6.9023,-9.8125,-9.4027,-6.7872,-2.6672,-10.1498,-7.4652,-11.9932,-5.5777,-8.0898,-10.0987,-13.1590,-9.7621,-11.8367,-4.9053,-6.7227,-6.4867,-9.5173,-8.8330
4,A,D,T,4,7.4973,-5.2410,-9.0450,-2.3102,-3.5534,-6.5069,-6.8068,-6.9906,-2.3566,-4.2178,-3.8136,-4.3304,-1.6491,-8.0711,-3.8321,-4.0539,-4.6673,-1.4066,-1.4607,-8.2826,-8.2860
5,A,F,F,5,2.8335,-5.8447,-8.1893,-8.8451,-8.7379,-0.4546,-9.0716,-7.0008,-6.7392,-8.6851,-1.3588,-2.8791,-9.0609,-6.5064,-7.3969,-9.3636,-7.1466,-6.4582,-5.4226,-3.7907,-4.2229
6,A,S,S,6,2.1085,-5.9097,-10.8642,-8.3618,-6.9856,-11.0082,-5.0661,-11.0311,-12.4614,-11.1564,-12.4406,-10.1897,-7.7682,-14.9147,-9.6606,-11.2159,-0.5581,-0.8749,-14.1660,-12.2996,-11.7828
7,A,P,P,7,2.2431,-5.7796,-8.3600,-4.4095,-2.6036,-6.9617,-6.7820,-7.3169,-6.4726,-4.8418,-4.5876,-6.5680,-6.1452,-0.1936,-4.3006,-4.8310,-3.3925,-6.0858,-7.2894,-7.7069,-6.2017
8,A,L,I,8,1.7734,-5.6182,-7.4708,-9.5062,-8.2660,-5.3777,-8.0213,-8.3338,-0.1350,-9.8529,-4.3226,-4.3248,-7.7149,-10.6967,-6.4922,-7.9440,-5.1281,-4.8603,-2.6187,-8.9773,-6.9765
9,A,L,L,9,1.0449,-9.3306,-10.8257,-11.3932,-8.1386,-6.9645,-11.5428,-8.9546,-7.7207,-6.8572,-0.0051,-7.2768,-7.8690,-15.1445,-7.7451,-8.8766,-9.4675,-10.2486,-8.5345,-11.4512,-8.8530
10,A,S,S,10,2.2217,-2.9378,-6.2983,-9.4469,-5.3419,-11.3137,-7.2359,-9.0710,-10.5999,-4.3020,-7.7754,-5.5625,-6.1748,-12.6108,-2.1185,-4.4953,-0.2397,-6.6686,-10.6461,-12.3935,-11.7544
11,A,G,G,11,1.0156,-10.8727,-11.9489,-9.7484,-9.7108,-11.0274,-0.0017,-10.7819,-12.4811,-9.7424,-10.1142,-12.5736,-9.9560,-12.3711,-8.7235,-8.5582,-6.9683,-11.9948,-14.2009,-13.1408,-9.6094
12,A,T,T,12,3.8463,-1.9929,-7.5248,-8.5711,-4.8471,-10.2622,-7.5107,-10.2148,-2.7393,-5.7807,-7.2031,-6.1982,-7.3211,-6.2785,-5.2709,-4.1600,-2.9080,-0.5125,-2.2342,-10.5207,-10.7582
13,A,P,P,13,1.0570,-8.3817,-10.7510,-12.6679,-12.1349,-10.7204,-11.7697,-11.2441,-10.5784,-12.5949,-4.7556,-12.2919,-9.9363,-0.0092,-12.3337,-11.9924,-8.6772,-13.2640,-12.2930,-12.9909,-12.4049
14,A,P,P,14,1.9519,-4.0563,-8.0491,-6.2027,-6.7098,-7.7340,-4.5049,-6.5863,-10.6112,-6.3396,-5.3245,-8.5651,-3.9367,-0.1579,-6.0487,-5.6613,-2.6182,-4.9953,-8.0551,-11.3128,-9.2245
15,A,Q,Q,15,3.1712,-2.4914,-7.5950,-6.9003,-4.2692,-11.2979,-5.1960,-6.7758,-11.8707,-8.9977,-7.0645,-3.5494,-3.4387,-2.4762,-0.3574,-7.0498,-3.0684,-6.1164,-9.8024,-13.5042,-12.9562
16,A,V,P,16,4.5546,-5.1860,-6.9468,-7.7768,-6.8032,-8.8480,-8.9887,-9.8110,-1.5001,-8.8891,-1.9997,-6.8831,-7.5422,-1.0963,-7.5937,-7.3239,-3.9244,-4.7242,-1.3194,-8.6906,-9.9023
17,A,Y,Y,17,3.0664,-6.2239,-7.0044,-4.8653,-5.7417,-1.8847,-4.8644,-3.4155,-9.7240,-8.6369,-9.6192,-9.8666,-6.4587,-8.9417,-7.2414,-7.1081,-6.4076,-11.9785,-9.5369,-1.8883,-0.4508
18,A,N,Y,18,5.4254,-4.6579,-7.9759,-3.7817,-3.6461,-1.8122,-5.2352,-2.9697,-7.3150,-3.3539,-4.2666,-5.6529,-3.5832,-13.0761,-4.7367,-2.5895,-4.5296,-6.9155,-8.3285,-4.3568,-0.6316
19,A,F,A,19,1.8324,-0.1375,-7.6300,-8.2517,-6.8876,-4.6071,-5.8397,-5.7656,-7.9702,-6.3796,-5.9188,-7.5025,-6.3134,-10.7728,-5.6176,-7.3329,-2.6998,-3.8318,-5.6856,-6.9380,-5.1112
20,A,K,T,20,12.9710,-3.8690,-8.3472,-4.1540,-3.7234,-3.9768,-2.3411,-3.1119,-2.9951,-2.7145,-5.1532,-3.2062,-2.6872,-8.8311,-2.1972,-2.1423,-3.0738,-1.6184,-4.0984,-5.1504,-2.9299
21,A,R,K,21,7.9577,-4.8787,-7.3594,-5.9508,-3.9504,-5.0010,-8.1385,-3.5688,-6.6582,-1.4536,-3.3681,-4.8718,-2.5058,-9.4019,-3.0689,-1.6994,-1.4820,-2.2379,-5.7197,-5.9266,-4.9891
22,A,L,L,22,5.2882,-5.7111,-5.3341,-7.6896,-6.2092,-4.7771,-6.1730,-5.8699,-1.3045,-3.8323,-1.0335,-1.4950,-3.6874,-11.8954,-3.3186,-6.3244,-3.6402,-5.6260,-5.2829,-7.5239,-5.3828
23,A,V,S,23,2.6140,-5.0278,-9.1502,-7.9763,-4.3023,-5.3295,-6.0185,-7.1357,-7.1059,-4.0485,-5.0295,-7.1238,-5.8506,-7.8137,-4.5229,-4.5969,-0.3318,-1.6144,-5.7419,-8.0145,-6.6204
24,A,F,I,24,2.5121,-6.6969,-6.8349,-8.7426,-7.2481,-4.2159,-7.5721,-5.5762,-0.2227,-4.2902,-4.0701,-3.0253,-6.1844,-11.4022,-6.9544,-6.6264,-4.1932,-2.9969,-3.7291,-6.9373,-5.5963
25,A,T,S,25,3.5078,-5.7643,-9.6955,-7.8565,-6.2853,-7.4119,-7.1384,-5.7656,-6.2063,-3.5310,-7.2069,-6.6014,-3.6284,-7.7561,-4.7059,-2.5525,-0.6789,-1.0966,-7.6067,-7.8232,-7.3786
26,A,N,N,26,5.2295,-4.9779,-8.8245,-1.7670,-3.8027,-7.5215,-1.3066,-6.0144,-7.7592,-5.2335,-6.8124,-8.2002,-1.1029,-9.7999,-5.7194,-4.1135,-1.8929,-4.3457,-6.1248,-7.6184,-6.8480
27,A,C,T,27,6.6315,-4.4069,-7.0406,-3.8337,-3.7226,-5.0125,-7.7466,-2.1610,-6.2705,-1.8227,-6.1776,-7.7541,-2.4248,-13.1198,-3.2029,-3.2670,-3.8234,-0.8418,-3.9615,-8.8804,-4.2952
28,A,N,S,28,4.8257,-3.5484,-7.4945,-6.4793,-5.0768,-5.9929,-5.1325,-6.6621,-5.1606,-2.2651,-6.1306,-5.8954,-3.5444,-8.9947,-3.8202,-3.0413,-0.9555,-1.0385,-6.7728,-9.3107,-8.5029
29,A,Y,F,29,6.8232,-5.9056,-9.4030,-7.3652,-7.1999,-1.0343,-8.4331,-3.5962,-2.2309,-2.8000,-3.8424,-4.1787,-6.4300,-8.2020,-5.8141,-3.1119,-6.1756,-3.1490,-1.4315,-5.3848,-2.6624
30,A,N,K,30,7.8889,-4.3144,-8.5060,-2.0545,-3.3479,-6.4886,-5.3561,-4.7674,-4.3429,-1.1624,-4.6187,-4.9934,-1.6926,-7.3646,-3.6026,-2.0266,-2.7154,-3.0129,-5.5476,-7.5834,-5.9687
31,A,L,L,31,3.7238,-7.2111,-9.5740,-6.9495,-7.6970,-2.7724,-7.9314,-5.9929,-0.9744,-7.3327,-0.7986,-3.0212,-5.3423,-6.9074,-7.5439,-6.6429,-6.6215,-4.9556,-3.2973,-6.4500,-6.8358
32,A,T,N,32,9.4257,-4.1721,-6.9840,-3.1986,-4.4272,-3.7345,-3.2646,-4.0496,-3.1423,-2.6222,-3.1556,-3.5876,-0.8739,-4.5409,-4.3105,-2.5777,-2.7248,-3.2356,-3.9230,-6.1524,-3.8591
33,A,K,R,33,5.1599,-5.2003,-8.9979,-6.8767,-5.2616,-7.2512,-5.5737,-6.3923,-4.5605,-1.4478,-3.7155,-4.5136,-4.2326,-13.5862,-3.6758,-0.7950,-2.1359,-2.4566,-5.7871,-7.7655,-6.0515
34,A,L,L,34,2.7046,-3.2655,-6.2686,-8.0970,-7.3996,-3.0286,-7.7482,-4.9493,-4.0296,-4.8118,-0.2362,-3.8846,-5.9013,-11.0412,-5.6249,-4.8537,-4.3230,-5.0119,-3.5028,-6.4530,-6.6678
35,A,L,L,35,5.5437,-6.4507,-4.8208,-7.3533,-3.7373,-1.4105,-5.6234,-7.0324,-2.6004,-2.7500,-0.7946,-2.7929,-4.7494,-11.6637,-6.2263,-4.8778,-5.1133,-3.7402,-4.6227,-6.2263,-5.0520
36,A,S,S,36,5.1306,-3.8907,-7.6548,-1.9231,-5.0946,-7.6728,-1.5593,-5.2376,-8.3368,-4.3798,-7.7951,-7.7856,-2.3629,-9.5575,-5.6046,-5.0599,-0.8356,-2.8631,-8.3367,-7.4309,-6.5784
37,A,L,L,37,2.0694,-6.4619,-7.5909,-6.6069,-5.4339,-4.9391,-6.3661,-3.4398,-6.3479,-3.0346,-0.1570,-5.4303,-4.3293,-9.6292,-5.1916,-4.8763,-5.8606,-5.7412,-7.7021,-7.1113,-4.7572
38,A,F,F,38,1.3739,-8.6391,-7.3332,-10.3395,-8.3204,-0.0574,-10.0680,-6.6266,-7.3078,-5.5139,-3.8160,-7.0031,-7.3200,-13.5522,-8.5884,-6.8991,-7.7190,-5.5371,-5.4263,-7.3975,-4.2413
39,A,S,T,39,3.5187,-6.7218,-8.6889,-4.2999,-4.8286,-6.0541,-6.9708,-5.0181,-2.9633,-4.0256,-6.5628,-7.1999,-3.0933,-7.4122,-5.5741,-3.7448,-1.9952,-0.3954,-5.1831,-7.7271,-5.0066
40,A,V,V,40,1.1754,-9.1158,-9.9019,-10.6891,-8.1221,-10.8904,-7.4096,-11.5687,-4.3357,-6.9816,-6.3228,-7.4667,-9.8518,-10.0525,-10.7832,-7.9337,-9.1448,-4.7212,-0.0274,-12.0719,-12.2158
41,A,N,S,41,4.5535,-6.5769,-9.1745,-5.9025,-5.4246,-6.8599,-6.0308,-6.0239,-3.4215,-2.6215,-4.1324,-7.4073,-3.2389,-8.1853,-5.3048,-3.0791,-0.7804,-1.1774,-6.0060,-8.8899,-5.4858
42,A,D,Y,42,12.3652,-4.1674,-6.7647,-4.3033,-3.1667,-2.7972,-6.4538,-2.8767,-3.4533,-2.5315,-2.2138,-4.1944,-2.2093,-10.0095,-3.5921,-3.3727,-2.7635,-1.9293,-4.4001,-5.6899,-1.7280
43,A,F,L,43,6.9076,-5.6208,-5.1737,-3.1844,-5.2935,-1.8535,-7.6872,-4.4584,-5.4693,-1.9606,-0.9923,-2.6512,-2.1328,-9.7326,-5.4453,-4.6448,-3.1442,-7.6290,-7.1122,-6.6983,-4.4954
44,A,T,T,44,7.9798,-4.6676,-8.8994,-3.2799,-2.3482,-7.3858,-1.8031,-7.6648,-3.4511,-4.1254,-8.2116,-6.1673,-4.5614,-7.5919,-3.3483,-2.1082,-1.6918,-1.3325,-3.7092,-8.3963,-6.9951
45,A,C,A,45,3.4788,-0.6873,-4.7838,-5.9753,-6.1099,-6.6277,-6.5824,-6.4366,-9.0055,-4.7581,-7.2020,-7.1131,-4.8277,-7.7101,-5.2357,-3.1428,-1.0430,-2.8410,-7.9017,-8.6328,-6.8089
46,A,S,S,46,3.8216,-3.3604,-7.9545,-4.5044,-4.1284,-5.1869,-4.4102,-5.4847,-4.0443,-3.1548,-5.5547,-5.6495,-4.0830,-6.5230,-4.5985,-2.9402,-0.3611,-2.7965,-5.1269,-7.5173,-5.9266
47,A,Q,G,47,5.8689,-4.3643,-9.1969,-2.5881,-4.1480,-6.2097,-0.7799,-4.5581,-9.2857,-2.7006,-5.2823,-6.9558,-2.1392,-9.3047,-4.8231,-2.0160,-2.4810,-5.6843,-8.6372,-7.4368,-5.2837
48,A,I,S,48,3.7031,-3.7750,-6.4134,-4.6363,-6.2366,-6.5147,-3.4576,-7.2814,-3.1336,-6.1440,-6.0421,-7.1570,-3.9316,-11.3745,-8.1469,-5.9072,-0.7580,-0.9618,-5.2678,-9.2360,-5.9752
49,A,S,T,49,2.0412,-9.5012,-12.6218,-8.6613,-9.9999,-8.0673,-6.4153,-10.4356,-7.8228,-8.6697,-8.9091,-10.6345,-7.4597,-15.3270,-9.9851,-6.7831,-0.9049,-0.5269,-9.8647,-12.9180,-8.8812
50,A,P,P,50,4.0981,-1.8344,-6.7772,-4.2764,-6.0566,-4.2401,-3.2717,-5.8212,-6.5998,-6.9564,-5.9309,-7.1567,-6.2062,-0.5225,-7.4909,-4.6223,-2.1307,-4.5828,-4.2418,-4.6338,-5.7107
51,A,A,S,51,3.7655,-3.7968,-9.7559,-3.4999,-5.5250,-5.1627,-4.3365,-6.2384,-3.7194,-4.4504,-5.0320,-7.2607,-2.6248,-6.7878,-6.6819,-3.1363,-0.3774,-2.7298,-5.1610,-8.7716,-5.4404
52,A,A,T,52,10.3788,-3.3931,-9.4500,-2.8502,-3.9393,-3.3639,-5.6592,-4.5515,-2.6077,-4.6292,-2.6939,-4.3697,-3.1212,-9.1724,-2.9226,-2.5070,-2.1966,-1.1192,-3.9222,-6.0244,-3.2916
53,A,I,V,53,4.2877,-2.8530,-7.2970,-8.7106,-7.9101,-3.6868,-7.5830,-8.5333,-2.2384,-7.3791,-1.1736,-4.3275,-7.8861,-9.3726,-8.1275,-6.2842,-4.0071,-4.0954,-0.8030,-10.6568,-8.4794
54,A,A,K,54,4.3032,-3.0502,-6.6807,-6.1128,-3.5431,-8.5340,-4.1891,-7.1058,-5.4343,-0.5284,-8.9733,-6.0684,-4.7122,-12.3048,-4.6749,-2.2442,-2.5352,-2.2770,-6.5742,-11.4235,-8.7497
55,A,S,S,55,1.9496,-4.8563,-7.7455,-6.4975,-7.6902,-6.8090,-4.9289,-5.8308,-6.9067,-6.0714,-6.2287,-7.2944,-4.0887,-12.4994,-6.4806,-4.3388,-0.1718,-2.3212,-7.6983,-9.5289,-7.8969
56,A,N,Q,56,8.9156,-5.6277,-7.5021,-1.7086,-1.6435,-5.3997,-6.0904,-4.0415,-3.4908,-2.4620,-4.4599,-4.8512,-2.1988,-10.0942,-1.5216,-2.7690,-3.7071,-3.6750,-5.8936,-9.3274,-4.0658
57,A,C,S,57,4.5807,-1.1555,-6.2969,-6.2704,-5.5196,-4.8931,-4.2915,-5.8072,-8.1605,-2.6539,-6.5183,-7.0711,-2.9739,-6.8337,-4.5693,-3.6411,-0.7875,-3.4196,-9.0082,-7.8802,-5.7462
58,A,Y,Y,58,5.0017,-2.2601,-5.3035,-6.7345,-6.0914,-1.1568,-6.6321,-2.6878,-7.3948,-4.6091,-7.6026,-8.6371,-4.8657,-11.2159,-6.3751,-5.6935,-3.6896,-3.7826,-6.5260,-3.6772,-0.9043
59,A,S,S,59,2.3534,-3.9030,-8.4178,-5.6299,-4.5383,-6.3787,-5.1724,-5.8744,-8.0408,-3.7932,-7.6299,-7.5808,-4.8336,-12.1546,-4.3979,-2.9494,-0.1989,-3.3863,-7.8050,-8.5954,-5.3815
60,A,S,S,60,3.3963,-3.6682,-6.4023,-4.7885,-4.2012,-5.9675,-4.4589,-5.8973,-5.9215,-4.5373,-6.2946,-5.8826,-2.7958,-10.5420,-4.6075,-3.7597,-0.3366,-2.4067,-5.1151,-7.7917,-4.6527
61,A,L,L,61,1.2759,-6.7229,-10.2914,-10.9375,-9.9387,-5.3184,-10.8902,-9.9218,-5.2345,-7.7349,-0.0460,-5.8274,-9.9721,-15.1383,-8.9751,-6.7350,-9.2521,-8.7767,-3.5774,-10.0808,-7.8323
62,A,I,N,62,8.4075,-3.8391,-6.3382,-3.2874,-2.7721,-4.2682,-4.9694,-2.7471,-2.0447,-4.8664,-5.8041,-6.0919,-1.1650,-13.4272,-4.5898,-5.1429,-3.7110,-1.5958,-3.6947,-7.2083,-2.6788
63,A,L,L,63,3.3480,-6.7872,-6.2126,-11.7340,-11.1894,-3.6007,-9.8654,-10.2521,-1.5134,-10.3069,-0.7400,-4.8813,-10.4243,-14.8887,-10.6055,-11.2598,-9.5636,-7.3624,-1.3366,-7.1607,-8.1348
64,A,D,Y,64,5.4470,-7.8487,-5.0778,-1.9586,-3.1626,-3.0835,-4.6594,-2.4525,-8.8979,-5.9207,-4.5624,-7.5193,-1.6411,-14.9307,-5.1573,-6.9528,-4.2828,-8.9248,-10.5602,-6.6414,-0.8230
65,A,Y,Y,65,2.6785,-7.7474,-6.4641,-8.6694,-9.4823,-2.1000,-7.6671,-2.2224,-7.8186,-9.3673,-7.8768,-7.6235,-6.7382,-14.3491,-8.8143,-6.9369,-6.4008,-7.2324,-7.5615,-2.7928,-0.3586
66,A,F,A,66,3.6571,-0.6568,-3.2881,-8.9833,-7.5479,-5.0915,-1.2402,-6.4681,-10.3736,-10.4150,-9.2281,-4.9245,-6.9394,-11.2564,-7.0436,-9.1621,-2.3920,-3.1988,-7.4306,-11.7032,-5.4709
67,A,S,Q,67,5.7963,-2.5484,-5.2487,-4.4494,-2.7796,-7.1568,-4.3768,-2.8674,-5.2794,-6.6268,-5.5234,-6.3559,-3.9600,-6.2195,-0.7585,-5.8735,-1.7060,-2.5578,-4.7799,-9.5564,-7.2669
68,A,Y,F,68,1.6415,-8.4289,-5.0552,-10.5625,-10.0614,-0.1016,-7.6773,-4.2308,-9.7282,-8.3632,-3.6910,-3.7927,-9.1048,-12.3315,-7.7528,-4.0077,-6.7523,-9.7573,-9.6054,-7.2668,-5.0450
69,A,P,P,69,1.0914,-6.0913,-11.6246,-8.0736,-8.0266,-8.9900,-8.9105,-7.4468,-10.8755,-8.8407,-9.4521,-12.0038,-8.7032,-0.0125,-9.3505,-8.2718,-5.0244,-7.3001,-11.2511,-10.8833,-7.4100
70,A,L,S,70,11.1626,-2.6437,-5.8744,-3.8989,-4.7755,-2.5200,-4.0489,-4.2751,-2.3445,-5.2250,-1.8083,-6.0900,-4.4495,-3.9292,-5.7693,-4.0431,-1.5875,-2.3212,-2.4205,-5.7231,-2.6399
71,A,S,S,71,8.2743,-2.8877,-7.4651,-3.9854,-3.3029,-5.3624,-1.5756,-5.1740,-4.3293,-2.6505,-3.5302,-5.4851,-3.5778,-9.3074,-4.1540,-1.7439,-1.2276,-3.6293,-4.4298,-9.1963,-5.5795
72,A,M,L,72,8.4154,-3.8105,-7.0156,-3.6757,-2.9159,-3.6002,-7.0808,-3.6636,-4.3242,-2.6388,-0.8387,-4.4137,-3.3995,-10.8497,-3.7237,-3.7422,-3.0427,-2.8463,-2.2647,-8.0892,-3.7543
73,A,K,R,73,9.0783,-2.7737,-8.2109,-4.1311,-1.9255,-5.3814,-5.3533,-3.5443,-4.3518,-1.8921,-3.0499,-5.7481,-4.6614,-8.6619,-1.8049,-1.3332,-3.7684,-3.4582,-4.0470,-4.9139,-5.1375
74,A,S,N,74,8.3076,-3.2174,-7.8318,-2.6623,-3.7551,-4.7485,-3.2047,-4.6747,-3.5083,-5.7139,-6.0833,-6.2740,-1.3963,-5.0381,-5.0043,-4.0308,-1.4539,-1.6263,-4.5814,-6.9503,-2.9877
75,A,D,Q,75,9.6793,-3.8521,-5.2187,-2.5212,-2.6758,-3.0464,-3.3578,-2.5684,-9.6291,-3.2070,-2.3685,-5.3544,-3.1888,-7.6061,-1.0982,-3.4791,-2.3370,-5.9443,-10.8427,-6.4388,-3.9435
76,A,L,L,76,1.3291,-5.4465,-7.6944,-10.6992,-10.0885,-3.8391,-8.3892,-10.9943,-4.5565,-11.6285,-0.0533,-6.5441,-10.2563,-11.5506,-11.7796,-9.5472,-7.6889,-7.7689,-4.4178,-8.1601,-9.7743
77,A,S,Y,77,10.5894,-4.8944,-6.0090,-3.4426,-3.8436,-1.6119,-6.2885,-3.3425,-2.3460,-2.8092,-1.8323,-4.5530,-2.7825,-8.9751,-4.1938,-3.9028,-3.6492,-4.0826,-3.9109,-4.5346,-1.5973
78,A,V,S,78,13.0909,-2.3197,-5.7925,-2.7035,-3.5240,-3.5224,-2.2097,-4.5613,-2.8386,-4.5895,-2.1513,-5.5860,-3.4373,-2.4889,-4.6800,-2.9592,-1.6106,-3.4286,-3.6882,-4.7342,-3.8420
79,A,S,S,79,7.3486,-3.4320,-6.2816,-2.3325,-3.9462,-4.5207,-1.5170,-4.8530,-3.8179,-4.3241,-3.5360,-6.4849,-2.7721,-7.7787,-5.2432,-3.0734,-0.9427,-4.1608,-4.3053,-6.5829,-4.5148
80,A,S,S,80,4.9140,-2.4991,-6.7079,-4.1946,-4.9506,-5.1780,-3.5414,-4.7318,-5.7514,-4.8525,-5.8752,-6.3337,-3.2281,-8.8100,-5.7877,-3.1117,-0.5606,-1.9331,-4.0155,-6.8670,-4.3077
81,A,A,G,81,5.5245,-3.7701,-6.8427,-4.2145,-5.1522,-5.3024,-0.8650,-5.1074,-6.4227,-4.1613,-4.2559,-5.9187,-2.0572,-9.7084,-4.0370,-2.5058,-1.3857,-5.2293,-7.2957,-8.4053,-5.1838
82,A,G,G,82,3.3700,-2.9862,-6.7462,-4.0491,-6.0139,-8.8328,-0.4839,-6.2060,-11.2490,-4.9541,-6.7586,-7.0924,-2.8058,-7.8674,-5.1903,-4.7688,-1.5166,-5.1313,-9.4701,-9.9025,-7.6646
83,A,P,P,83,5.7823,-1.7893,-5.7678,-4.6452,-6.1913,-3.9236,-7.2686,-3.9248,-7.9045,-6.1574,-8.0853,-7.1929,-3.0174,-0.8440,-6.4609,-5.8589,-1.6349,-3.7012,-5.6028,-3.5584,-3.2389
84,A,I,I,84,3.6208,-6.6555,-8.6478,-5.7339,-6.5875,-4.3075,-9.9269,-6.9934,-0.7726,-4.5771,-0.9189,-3.3083,-5.1435,-12.2785,-7.3083,-5.4725,-6.0111,-4.4671,-3.2272,-6.4845,-5.1157
85,A,S,A,85,4.2750,-0.8432,-6.2082,-4.7902,-6.6453,-3.3397,-8.8176,-3.9067,-8.7599,-6.5827,-7.8991,-6.7388,-4.6231,-10.2019,-6.1189,-6.5829,-1.0233,-2.9598,-6.4392,-5.2743,-2.6909
86,A,Q,R,86,10.1769,-3.1514,-6.7946,-4.4929,-4.0662,-6.4025,-5.0627,-5.7175,-2.8913,-2.0752,-2.3949,-3.9910,-2.1000,-9.6236,-2.3533,-1.5199,-2.1044,-2.8079,-5.8622,-6.5338,-5.8371
87,A,F,Y,87,2.7494,-6.2368,-5.1050,-7.9184,-9.3537,-1.8165,-9.1347,-2.1146,-11.7659,-8.2395,-9.3726,-10.2474,-3.7706,-14.3801,-7.9558,-7.7392,-5.5458,-8.3494,-9.7959,-5.2811,-0.3936
88,A,N,N,88,1.2562,-6.8882,-4.5850,-3.6599,-7.4577,-13.7849,-8.4428,-9.0949,-11.3886,-11.8480,-11.6644,-10.1266,-0.0439,-12.8088,-8.4115,-11.6196,-5.4880,-7.8460,-8.2395,-13.7535,-10.9060
89,A,Y,L,89,2.0670,-4.3944,-5.7039,-9.1596,-9.3347,-3.7539,-5.8541,-5.1088,-3.9550,-7.7188,-0.1531,-5.3647,-6.5186,-12.9420,-6.5729,-6.3755,-5.3772,-6.4752,-4.1252,-5.4241,-3.2654
90,A,K,R,90,5.0324,-4.2949,-7.3840,-6.6753,-5.2088,-4.6430,-8.0547,-4.3155,-7.3866,-1.4789,-1.2257,-3.6497,-5.3294,-11.7623,-3.4191,-1.0544,-4.5758,-5.7807,-7.1278,-7.3825,-4.9848
91,A,Q,T,91,7.1769,-1.7909,-5.6114,-8.8435,-7.9904,-1.7783,-5.2463,-6.0330,-6.1477,-7.4166,-1.7856,-4.7042,-5.1823,-6.0031,-6.8436,-6.3683,-2.0506,-1.5473,-2.1841,-5.5082,-5.5274
92,A,S,S,92,1.2408,-7.1641,-8.5847,-3.4609,-8.1123,-9.0928,-6.9553,-7.4864,-10.9168,-8.1509,-8.7674,-9.2708,-5.3540,-7.9909,-9.4518,-8.2474,-0.0425,-6.7014,-11.1042,-10.0923,-10.0623
93,A,F,S,93,12.2028,-2.3813,-6.8964,-2.8031,-2.9597,-3.1637,-3.8181,-4.1058,-3.3894,-4.5998,-2.3871,-4.4328,-3.4180,-4.1666,-3.3003,-4.4813,-1.5786,-1.6981,-2.7154,-5.3777,-4.6811
94,A,S,I,94,8.6080,-3.2444,-7.0106,-3.6924,-3.5143,-4.5492,-5.0913,-4.4792,-1.2031,-5.1528,-2.6514,-4.2365,-3.4243,-7.3541,-4.7866,-4.3545,-2.9157,-2.0157,-1.4820,-5.7806,-4.2517
95,A,N,N,95,8.3034,-2.8908,-6.3636,-2.7568,-3.0386,-4.2187,-6.0011,-3.1222,-7.9623,-2.3986,-2.9002,-4.7894,-0.8925,-7.1095,-3.4495,-3.2423,-2.3314,-4.1509,-7.1843,-6.6287,-3.9464
96,A,P,P,96,1.3211,-4.0900,-10.0761,-8.8800,-9.4567,-9.5058,-3.8020,-9.0150,-12.1210,-10.0406,-10.7842,-11.3909,-8.6944,-0.0557,-9.0626,-8.5584,-4.3072,-7.3978,-11.4430,-11.4119,-10.1662
97,A,T,V,97,5.3733,-2.1170,-4.6788,-8.8591,-8.4062,-5.0036,-5.2931,-6.2061,-3.1078,-4.3487,-6.4407,-6.1612,-5.3794,-8.5657,-6.0827,-3.2726,-2.7890,-1.4496,-0.8139,-6.6646,-4.6723
98,A,C,A,98,1.1530,-0.0250,-7.3780,-10.5928,-12.0275,-9.4805,-5.8956,-10.9052,-8.5613,-12.2798,-7.8466,-8.1623,-9.5705,-11.7475,-11.0236,-9.2862,-4.0226,-6.5694,-7.1960,-11.1767,-10.6646
99,A,L,V,99,6.9883,-3.2020,-3.8178,-7.9638,-8.8394,-2.5395,-4.8643,-5.0854,-2.0877,-5.4413,-2.9927,-4.8058,-5.6088,-10.0918,-5.9185,-6.5352,-5.0481,-2.4910,-1.0047,-5.9691,-1.6524
100,A,I,V,100,3.1934,-3.4348,-6.5081,-9.1571,-9.2410,-4.5532,-5.2318,-6.4840,-0.8072,-7.3088,-4.2132,-6.6203,-5.2141,-14.0724,-8.4026,-7.5936,-6.4565,-3.8856,-0.7966,-9.4551,-5.0291
101,A,L,K,101,12.7178,-3.9006,-6.1582,-6.4862,-3.7621,-2.9807,-3.4299,-3.1866,-2.4403,-1.5994,-2.5741,-5.4329,-3.8261,-11.3787,-3.2865,-2.2878,-3.3116,-2.5386,-2.1996,-5.9221,-2.6730
102,A,A,A,102,2.3724,-0.2093,-5.0737,-10.0248,-8.8801,-3.7949,-5.3947,-7.2613,-5.4360,-7.4501,-4.3012,-4.4272,-7.3400,-11.4144,-7.3407,-7.5720,-3.3910,-3.6365,-2.8113,-9.5397,-6.1316
103,A,T,T,103,5.2984,-3.4952,-7.9395,-5.6415,-3.3180,-8.0030,-4.6681,-7.1382,-4.7724,-2.2922,-6.6457,-6.0760,-4.1109,-12.6187,-3.1486,-3.1260,-1.3895,-0.8004,-5.6584,-9.5420,-7.1481
104,A,V,V,104,1.2995,-9.0670,-9.1731,-11.2866,-10.5644,-11.8369,-10.6591,-12.2240,-3.0277,-5.7403,-8.1212,-8.8487,-7.9321,-14.5576,-9.5604,-6.9429,-8.2401,-5.5429,-0.0597,-13.2646,-12.5186
105,A,P,P,105,1.0416,-9.7258,-11.4255,-9.4064,-8.9668,-8.7461,-8.3499,-8.2162,-8.0542,-7.9278,-7.8129,-10.9390,-8.6112,-0.0046,-9.0748,-7.8625,-7.2898,-7.0965,-9.2765,-11.1817,-8.5250
106,A,H,S,106,10.2951,-2.2601,-6.1703,-3.0799,-4.1851,-3.5343,-3.8194,-3.9930,-4.7210,-3.6781,-3.8331,-6.0105,-3.2379,-1.9168,-4.2370,-3.1955,-1.1413,-2.5095,-4.2482,-6.1583,-3.0855
107,A,N,S,107,10.9823,-2.7305,-5.5690,-3.6046,-1.8162,-4.2223,-3.0868,-3.3193,-4.7427,-3.1736,-5.1904,-6.0708,-3.7023,-8.4056,-2.8055,-2.0835,-1.4299,-2.4701,-4.5936,-5.9372,-3.2264
108,A,L,L,108,1.3825,-11.0393,-9.0110,-11.9398,-10.3567,-7.3202,-13.2930,-8.5916,-2.6126,-8.4997,-0.0852,-5.4196,-7.4311,-16.6654,-7.4449,-8.0270,-10.6292,-10.4338,-6.8635,-12.3539,-9.2012
109,A,T,T,109,2.2779,-4.7671,-6.2086,-6.7874,-6.4867,-7.3221,-6.4115,-6.6323,-8.0605,-4.6249,-6.8699,-5.4944,-3.7168,-14.0111,-6.1325,-4.1726,-1.9717,-0.2431,-6.5751,-9.0775,-6.7891
110,A,T,T,110,1.2644,-4.3647,-6.4215,-11.5852,-9.2146,-9.4397,-8.8483,-10.8777,-7.8814,-11.3008,-9.7853,-5.0027,-8.0473,-5.9787,-7.5695,-8.6109,-4.5701,-0.0399,-5.7376,-10.0247,-10.3290
111,A,I,I,111,1.4373,-9.6730,-8.7112,-12.7303,-11.4189,-7.9616,-12.7013,-9.3342,-0.0822,-8.7823,-3.6402,-5.7143,-8.3461,-12.3244,-7.9940,-6.5729,-9.4420,-6.8524,-3.1037,-9.0469,-7.7911
112,A,T,S,112,6.2739,-3.7665,-7.0576,-4.8501,-5.5232,-6.3595,-2.0109,-5.7870,-4.7843,-4.0221,-3.1787,-6.0697,-3.4962,-6.2442,-3.7918,-2.7094,-0.8825,-1.5524,-6.2746,-6.0204,-5.4998
113,A,K,A,113,4.7444,-0.8698,-5.9387,-6.6064,-6.7261,-7.3554,-4.9685,-5.1953,-8.7726,-4.0156,-7.2420,-6.9521,-5.1295,-1.9689,-4.9489,-2.9710,-1.2289,-3.1257,-6.8802,-8.4372,-6.7579
114,A,P,P,114,1.2136,-5.6315,-9.1397,-6.9522,-8.1952,-8.7693,-4.4377,-7.2829,-9.7671,-8.8222,-6.6599,-10.1556,-6.3164,-0.0300,-7.1023,-7.3052,-5.5266,-5.9905,-8.9314,-10.1205,-7.5473
115,A,L,S,115,8.4007,-3.1047,-7.3693,-2.2994,-3.5506,-5.5552,-4.8558,-4.3344,-4.7020,-3.4872,-3.9810,-6.3119,-2.3148,-2.3001,-4.2736,-3.2220,-0.9466,-2.4687,-5.3517,-6.3820,-4.7593
116,A,K,H,116,9.9734,-3.0844,-3.5228,-4.3317,-4.5206,-3.0835,-3.7244,-1.1493,-5.9839,-3.1563,-3.2136,-5.6300,-1.8701,-10.2964,-3.5759,-3.2663,-2.7243,-4.7110,-4.4258,-5.7287,-2.1636
117,A,Y,Y,117,2.1344,-8.7258,-9.4061,-9.3305,-12.0129,-0.9846,-8.9372,-4.2819,-10.2690,-13.4587,-8.5543,-10.9479,-7.7068,-13.0709,-10.9354,-11.6222,-9.0062,-11.7413,-10.1565,-5.8429,-0.4970
118,A,S,S,118,1.3130,-4.5950,-7.6809,-6.3856,-10.8316,-8.8647,-3.4054,-8.0377,-11.6298,-13.3512,-11.5319,-11.9269,-6.8076,-8.1976,-11.5250,-11.8432,-0.0550,-5.1123,-12.5890,-11.8205,-8.9256
119,A,Y,F,119,2.5810,-5.7305,-7.8670,-8.9946,-10.3484,-0.4785,-5.9340,-4.6012,-7.0509,-9.7642,-4.9986,-7.0188,-7.6547,-10.4148,-9.2372,-7.6624,-6.3335,-8.6651,-7.4373,-3.1907,-1.1695
120,A,I,I,120,1.6965,-5.4979,-6.2581,-11.0616,-11.2256,-7.5449,-7.3918,-12.3642,-0.1480,-12.0214,-4.4975,-5.9154,-7.6597,-10.5145,-10.9793,-11.8615,-7.5535,-4.6184,-2.2477,-12.4954,-11.2209
121,A,N,S,121,3.0955,-3.9132,-5.5166,-4.8084,-5.2454,-7.8507,-4.8351,-8.0042,-4.1554,-4.8642,-6.5428,-6.1595,-4.3083,-10.9162,-5.5142,-4.2336,-0.3580,-1.7826,-3.6007,-9.6896,-8.0281
122,A,K,L,122,4.8147,-4.1534,-5.6914,-7.2121,-6.8228,-4.7474,-5.6895,-4.3327,-6.8411,-3.5296,-0.5670,-2.3753,-5.4997,-14.0781,-3.0775,-1.9212,-3.1885,-4.5964,-5.2498,-5.7434,-4.9714
123,A,C,A,123,2.7252,-0.3162,-4.3112,-4.7371,-8.8183,-5.9257,-5.2788,-8.9807,-8.6380,-12.1515,-5.6997,-4.9031,-7.4540,-10.2772,-7.8338,-10.8236,-2.1903,-4.6671,-2.3266,-4.6144,-9.5453
124,A,S,A,124,3.8630,-0.8789,-6.6598,-6.0077,-3.4303,-6.9182,-3.6942,-7.5650,-7.9270,-6.0302,-5.9491,-4.5882,-5.8934,-10.8736,-2.6794,-6.8880,-0.8895,-3.8481,-6.5651,-7.6756,-8.1663
125,A,R,L,125,6.6586,-6.5767,-8.8195,-10.4979,-6.7972,-2.2056,-8.7306,-1.4393,-4.9094,-2.4790,-1.1680,-5.0300,-7.3394,-13.2922,-3.7492,-2.0803,-7.2952,-6.9114,-6.3930,-3.1277,-3.1038
126,A,L,L,126,2.3086,-7.2430,-10.9595,-9.0043,-4.8108,-7.3972,-8.2966,-6.1108,-7.2082,-2.2050,-0.2547,-5.4603,-8.3959,-13.5954,-3.6383,-2.6889,-7.9154,-7.9648,-6.3216,-7.8690,-8.7343
127,A,L,E,127,5.4603,-4.2902,-5.5582,-4.0777,-0.5250,-4.2088,-3.5356,-5.8208,-4.8103,-3.5399,-2.6140,-3.0091,-3.9477,-10.8408,-2.6603,-4.1731,-4.0722,-3.4263,-4.6702,-7.8523,-5.7249
128,A,S,S,128,3.9749,-5.0190,-6.5716,-5.4768,-6.7166,-5.0514,-6.1471,-5.0095,-3.4602,-5.9447,-2.7469,-7.2549,-4.5133,-1.3444,-6.4738,-4.8423,-0.5803,-4.1855,-5.4699,-4.9603,-5.2463
129,A,D,D,129,1.2660,-8.6508,-8.0059,-0.0481,-7.1380,-10.3740,-4.9118,-8.6931,-9.5973,-9.3299,-8.6652,-10.9499,-3.3799,-11.7285,-9.8867,-8.8380,-5.9452,-7.2809,-8.9894,-11.1910,-10.5553
130,A,D,K,130,9.1996,-3.9811,-4.9405,-3.0935,-2.5484,-5.1080,-2.2225,-4.1007,-5.6252,-1.3631,-4.0020,-5.8421,-2.4249,-11.4548,-3.5115,-2.3660,-1.5762,-5.1641,-5.0513,-6.6900,-5.0054
131,A,R,T,131,6.2368,-6.1771,-7.1246,-6.7119,-4.9217,-5.4440,-8.6105,-5.3946,-1.9173,-1.5622,-3.9482,-5.3764,-4.2563,-10.9539,-4.1967,-2.8396,-2.2213,-0.9812,-3.6766,-8.4977,-6.0141
132,A,T,T,132,9.5079,-3.6763,-6.9947,-3.9756,-2.5258,-2.9276,-5.4050,-3.6732,-2.8599,-4.3559,-3.2574,-3.9231,-2.1031,-9.4980,-2.8835,-3.5604,-2.7908,-1.0010,-4.5793,-7.8077,-4.0651
133,A,E,T,133,10.2843,-3.8426,-6.7372,-9.2811,-4.6589,-2.9528,-9.0651,-4.3404,-2.4107,-2.2500,-1.8649,-3.0336,-4.0208,-6.0719,-3.6889,-2.0407,-2.7846,-1.4503,-3.8036,-5.6330,-4.9688
134,A,V,I,134,4.1796,-6.6668,-7.0385,-6.6647,-3.4651,-5.9659,-10.8746,-4.4542,-0.6246,-3.0984,-2.8760,-4.8346,-5.5170,-10.8417,-4.7727,-4.5739,-5.8117,-4.8219,-1.3288,-7.6245,-4.9570
135,A,P,P,135,4.2428,-2.5119,-7.6055,-2.3453,-2.8743,-5.5377,-5.2591,-6.8901,-4.7381,-5.5536,-3.2892,-6.2306,-3.9600,-0.4590,-5.2756,-6.8451,-4.2380,-3.8948,-4.4718,-9.6174,-7.3560
136,A,Q,L,136,1.1220,-10.0155,-7.5870,-11.3523,-9.0575,-9.4451,-11.3214,-11.6439,-6.1397,-9.5954,-0.0194,-4.2516,-10.2049,-14.6155,-7.4130,-7.5468,-10.6563,-10.1171,-7.2916,-10.2105,-10.3131
137,A,L,L,137,3.4208,-5.8889,-5.2074,-5.9521,-4.3588,-2.2862,-6.9683,-4.6183,-3.9147,-5.1624,-0.3409,-4.8255,-4.6572,-8.6963,-5.0602,-5.0571,-3.5364,-4.8964,-5.2015,-7.3401,-2.9195
138,A,V,V,138,2.2476,-7.4292,-8.6011,-13.1945,-10.5463,-11.0481,-9.7888,-11.6691,-1.0860,-7.9166,-7.8965,-8.9238,-8.1856,-11.7541,-7.9945,-5.6383,-9.0357,-3.4588,-0.4702,-12.3273,-10.9109
139,A,N,S,139,9.3854,-3.2683,-6.9938,-4.5548,-3.6848,-3.5616,-4.0253,-4.2400,-6.3391,-1.8191,-1.7053,-4.5445,-3.3992,-7.2492,-2.6474,-2.2621,-1.3763,-3.4546,-6.6597,-7.2610,-4.3232
140,A,A,P,140,2.4489,-2.4695,-6.4439,-4.6189,-4.6023,-5.9180,-5.2013,-7.1603,-6.3837,-8.2514,-6.4144,-8.7232,-6.0771,-0.2531,-6.3401,-6.5908,-2.4268,-5.6541,-6.4141,-5.6982,-5.9715
141,A,N,G,141,12.7857,-3.7838,-5.7621,-2.0839,-2.5877,-3.9352,-1.7597,-3.9478,-5.0817,-4.4743,-2.7254,-2.4888,-2.8679,-8.9987,-4.4749,-2.9032,-2.8599,-3.0980,-4.6873,-1.9136,-4.1950
142,A,Q,S,142,4.3797,-3.3752,-4.6779,-5.5541,-3.2236,-4.8555,-4.8102,-4.7637,-7.4120,-4.1976,-4.8246,-5.2233,-2.5367,-12.4288,-2.8515,-4.1533,-0.4408,-2.8802,-7.2856,-6.7764,-5.2597
143,A,Y,R,143,11.7968,-3.9838,-6.1533,-5.1819,-4.7705,-2.0378,-4.8462,-3.3864,-4.7472,-2.3225,-2.1755,-4.0490,-3.7158,-6.1205,-2.9773,-1.8137,-2.5213,-2.2574,-4.4884,-5.9150,-2.1539
144,A,S,S,144,1.2899,-4.4772,-6.5445,-11.1570,-12.4229,-9.1864,-4.4405,-10.3542,-12.9970,-14.8920,-9.8207,-11.5582,-7.9300,-4.9597,-11.8763,-11.7294,-0.0465,-4.3285,-12.8263,-11.4090,-10.4116
145,A,P,P,145,2.1564,-3.4055,-7.3811,-4.3659,-4.9257,-6.0573,-6.1520,-5.9597,-5.9898,-5.4803,-4.7317,-7.0149,-4.6509,-0.1518,-5.4756,-4.8561,-4.2623,-4.4302,-5.9386,-4.7935,-5.2590
146,A,C,A,146,2.5438,-0.3761,-2.2312,-10.2464,-11.7211,-8.1116,-3.7144,-9.5040,-10.9143,-12.9644,-10.0199,-7.8790,-9.3579,-12.3314,-11.7739,-12.6359,-1.7445,-5.1917,-7.9947,-10.6417,-10.1259
147,A,V,T,147,7.0557,-2.1750,-5.4199,-5.1888,-4.8568,-5.0295,-4.4402,-3.9108,-4.7127,-4.4438,-5.1387,-6.1484,-2.5028,-9.0736,-4.3650,-4.0779,-1.8619,-0.9154,-2.1472,-5.9678,-4.2153
148,A,S,P,148,6.9437,-3.8286,-6.3593,-3.3780,-3.1303,-4.8377,-4.0568,-5.6846,-3.6934,-1.8166,-5.3378,-5.4711,-4.7708,-0.7747,-3.3766,-2.6674,-2.7680,-3.8443,-4.1956,-7.3874,-7.0893
149,A,I,I,149,1.5864,-7.6118,-8.8105,-9.4371,-7.7243,-8.6830,-8.1883,-7.9019,-0.1266,-7.1087,-5.8850,-5.7330,-7.3086,-10.9834,-7.0159,-5.7539,-8.3320,-5.0711,-2.3153,-10.8692,-9.1524
150,A,V,V,150,2.6099,-1.2472,-4.2896,-10.4447,-10.1712,-6.2762,-6.0428,-9.0806,-4.2232,-9.2142,-6.3833,-6.5258,-8.9008,-12.2415,-9.3165,-10.0876,-5.0294,-3.4802,-0.4482,-11.1373,-8.2956
151,A,P,P,151,1.1914,-7.3144,-11.0708,-5.4717,-5.7881,-10.1430,-4.7583,-8.2021,-11.8134,-7.1470,-9.4546,-11.2846,-6.6894,-0.0268,-7.2163,-7.2163,-5.3419,-6.9006,-11.0954,-10.8896,-8.7396
152,A,S,D,152,9.5522,-1.8080,-8.2425,-1.1884,-2.2415,-4.6632,-3.9265,-4.4349,-4.9914,-4.2466,-4.2983,-5.9743,-3.4097,-2.5443,-4.0250,-4.1410,-2.2847,-2.7659,-4.1750,-5.0255,-4.2341
153,A,T,E,153,8.7350,-2.8321,-6.7649,-3.3035,-1.1040,-5.7104,-4.9677,-4.9287,-2.8583,-6.1382,-2.6331,-5.1623,-4.4571,-10.0548,-2.6742,-5.4559,-2.4196,-2.1600,-2.1245,-7.5533,-4.8435
154,A,V,V,154,2.1098,-5.2147,-5.1006,-11.8302,-9.9490,-9.8349,-7.0639,-11.5670,-2.0219,-12.9981,-9.2011,-9.4337,-8.8181,-8.9028,-10.6652,-12.1219,-8.0452,-2.4991,-0.2586,-13.2456,-12.3562
155,A,W,S,155,10.6675,-2.8628,-8.0760,-2.1336,-2.4489,-5.8492,-2.6814,-4.7497,-3.2415,-3.6866,-4.2970,-5.2445,-2.9906,-2.2736,-4.4831,-3.9028,-1.3543,-2.1590,-4.3688,-8.1567,-5.6481
156,A,E,T,156,9.0847,-3.3383,-6.5972,-3.8107,-2.7108,-4.4169,-5.3136,-4.4425,-2.2184,-3.6232,-4.3556,-4.9734,-2.3886,-7.2080,-4.2668,-3.6417,-1.8312,-1.0934,-3.1234,-7.0051,-4.0413
157,A,D,S,157,3.7678,-2.9744,-6.6148,-2.0284,-5.7801,-8.6813,-4.0524,-6.2445,-7.8929,-6.2518,-10.0844,-7.5457,-2.6744,-5.1562,-7.5249,-6.5555,-0.5042,-2.2111,-9.1727,-9.6855,-8.5287
158,A,G,G,158,1.0842,-9.5636,-10.7980,-6.9494,-6.9282,-9.6329,-0.0105,-9.8737,-7.6787,-5.7475,-8.9313,-9.4895,-6.9778,-12.4666,-8.7875,-6.3232,-7.0672,-7.9245,-8.1749,-11.2542,-9.7052
159,A,D,G,159,8.6867,-1.6031,-4.9167,-2.9176,-1.5687,-5.6483,-1.4809,-5.5602,-4.9556,-5.0629,-4.5779,-3.4886,-3.1596,-10.3034,-2.5706,-5.2212,-2.5547,-4.0717,-4.0779,-7.4298,-5.6882
160,A,Y,T,160,12.9419,-2.9998,-4.0716,-3.2155,-2.5353,-2.9276,-5.5302,-4.1136,-3.7456,-2.9096,-4.8618,-3.8773,-2.9515,-8.9253,-2.2629,-2.2814,-1.9466,-1.6987,-3.8484,-6.3079,-3.6503
161,A,Y,Y,161,3.6591,-3.6187,-5.2609,-8.8036,-7.7152,-0.9786,-4.8871,-2.1778,-8.8130,-6.2972,-7.6363,-6.0419,-6.4174,-10.7649,-6.9867,-5.6351,-4.3864,-7.1999,-7.3418,-5.4807,-0.8171
162,A,R,S,162,7.3299,-4.3560,-3.4485,-5.5505,-3.3229,-6.6950,-5.4856,-6.3150,-4.7192,-2.9848,-5.8776,-4.5807,-2.8920,-7.2961,-2.2938,-1.4020,-1.1180,-2.3645,-4.5665,-7.8315,-7.0522
163,A,K,Q,163,3.0910,-4.9286,-6.7940,-6.9168,-2.5627,-7.1510,-5.9349,-4.1921,-6.7086,-3.6775,-3.2681,-3.2137,-6.7701,-10.8960,-0.3019,-3.6125,-4.4987,-4.8733,-7.0602,-7.2024,-6.0840
164,A,Q,T,164,6.2514,-2.5121,-6.5857,-6.7044,-5.1489,-3.8535,-4.8733,-5.3843,-3.3038,-4.2593,-3.6646,-5.4974,-4.6851,-5.6319,-5.0430,-3.8283,-1.6712,-0.7791,-2.3555,-5.8891,-4.5106
165,A,L,L,165,1.2709,-6.7818,-6.1160,-8.1377,-8.4193,-7.4118,-7.4167,-7.5132,-6.3425,-6.3328,-0.0370,-4.5992,-7.3676,-9.3467,-7.1886,-4.9856,-5.4725,-5.8171,-7.8155,-6.7412,-9.8520
166,A,S,S,166,4.1893,-5.2387,-7.3136,-3.1123,-5.3676,-5.6144,-2.9926,-4.6247,-5.7583,-4.5699,-3.7121,-6.1378,-2.6811,-6.8212,-5.7442,-3.5585,-0.4358,-2.4680,-6.1141,-5.9216,-5.6578
167,A,P,D,167,10.5387,-3.3704,-6.0990,-1.1666,-1.9236,-4.6034,-3.3468,-4.6131,-3.9812,-4.5113,-3.6626,-5.6553,-2.6336,-2.9764,-3.5323,-4.0222,-2.2439,-2.8644,-3.2426,-5.1649,-4.2589
168,A,L,D,168,8.8768,-2.2848,-7.7746,-1.3343,-2.2096,-4.8777,-3.0465,-5.1081,-3.5956,-5.8420,-3.6154,-5.7550,-4.1003,-5.9684,-5.0451,-5.2721,-1.5635,-3.1005,-2.2535,-5.7892,-4.6180
169,A,E,E,169,1.4930,-5.8460,-9.7748,-2.9584,-0.0913,-8.6154,-9.0896,-6.3648,-10.7323,-7.6968,-6.2406,-6.5310,-7.8226,-12.7435,-3.7198,-8.9936,-6.7308,-8.9100,-10.1041,-8.9786,-8.2143
170,A,G,G,170,1.2218,-7.2315,-7.2218,-6.5245,-6.1039,-6.8456,-0.0290,-7.0973,-7.5326,-6.4799,-6.6761,-7.4536,-6.1239,-10.7183,-6.5870,-5.7156,-4.7669,-7.0210,-7.3914,-9.3800,-7.3309
171,A,G,G,171,1.3071,-6.1688,-8.1590,-4.4552,-4.8169,-7.5274,-0.0434,-7.2846,-9.2858,-7.1321,-6.9639,-8.1479,-5.1680,-11.9135,-6.6247,-6.2044,-5.1539,-6.3748,-9.3605,-8.8408,-8.2564
172,A,G,G,172,1.0049,-11.1487,-12.4942,-9.6779,-10.4317,-11.3070,-0.0004,-13.4468,-9.9759,-12.8583,-8.8601,-11.3302,-11.8259,-14.5253,-12.4201,-11.3900,-11.5528,-12.0791,-9.4919,-12.7551,-12.5565
173,A,W,V,173,11.8282,-2.9060,-5.3340,-2.7884,-2.1471,-1.8275,-8.5309,-4.7923,-3.4872,-4.9627,-3.7808,-2.7823,-4.7397,-13.2969,-4.4056,-5.2363,-2.7293,-2.4464,-1.7397,-3.7420,-2.3737
174,A,L,L,174,1.2571,-6.5743,-9.3644,-8.2589,-8.9960,-6.2738,-7.6938,-7.9509,-6.0247,-8.2213,-0.0388,-3.8649,-7.2559,-14.9161,-6.7182,-6.0005,-6.3142,-8.5119,-5.7682,-8.6271,-8.6745
175,A,V,V,175,5.1615,-6.9358,-4.5029,-5.9703,-2.9206,-3.9713,-6.8635,-4.7315,-1.4570,-5.7610,-1.2116,-3.9858,-5.6597,-15.1875,-4.7265,-6.8077,-6.5001,-7.0725,-1.1236,-7.9432,-4.6946
176,A,A,A,176,2.4681,-0.4382,-1.3679,-9.2062,-9.7447,-7.7683,-5.6744,-10.2326,-10.8644,-12.6102,-8.2376,-6.6030,-7.2449,-12.0898,-8.7611,-11.2685,-2.3837,-6.7395,-9.0608,-11.1584,-9.5952
177,A,S,S,177,3.0412,-2.5124,-6.9215,-8.6508,-5.0805,-8.4900,-2.8235,-8.1947,-8.9801,-5.6118,-9.2971,-6.2020,-5.3770,-14.1676,-3.5281,-3.3858,-0.3346,-2.7922,-7.7120,-7.9637,-8.3313
178,A,G,G,178,1.0668,-6.8982,-4.6919,-10.4734,-8.8482,-16.0152,-0.0107,-15.3009,-14.7681,-15.5740,-12.2494,-12.7733,-12.1258,-15.8646,-11.4361,-14.1221,-8.3923,-10.4407,-12.5893,-15.7554,-15.8529
179,A,S,G,179,4.0746,-2.1855,-7.4647,-5.0226,-3.6697,-4.8521,-0.4322,-5.5380,-5.7403,-3.9057,-5.7594,-5.6193,-4.4649,-10.1996,-4.9260,-3.7785,-2.5120,-3.6852,-5.4289,-5.9566,-4.6913
180,A,T,T,180,3.9658,-5.6868,-5.8754,-6.2947,-2.2638,-9.9086,-7.6930,-7.3208,-5.1092,-6.2896,-4.0936,-4.4276,-3.4524,-11.0886,-2.1504,-3.0184,-4.1257,-0.4698,-4.4444,-10.4086,-8.2317
181,A,V,Y,181,10.2498,-3.3425,-6.4833,-4.0402,-2.2895,-2.9074,-5.4209,-1.7880,-3.3376,-5.4778,-3.1777,-4.7256,-4.9262,-11.1215,-3.7789,-4.3468,-4.1343,-2.8427,-1.7949,-4.4863,-1.4572
182,A,A,P,182,6.3365,-2.7930,-7.1418,-2.6724,-2.7426,-5.8629,-1.7763,-6.2078,-5.6404,-5.6274,-4.7139,-5.4674,-4.8323,-0.7598,-4.1972,-4.4976,-2.8549,-3.4285,-4.8179,-6.1967,-4.8261
183,A,M,M,183,9.6519,-1.9138,-7.1010,-4.4815,-2.7620,-6.3215,-3.6449,-5.0681,-3.2744,-5.1788,-2.4090,-1.4387,-3.9645,-5.3034,-1.5687,-3.0079,-3.2385,-3.4730,-4.1629,-7.4415,-5.4478
184,A,T,T,184,5.7202,-3.5913,-7.2524,-1.6261,-1.3164,-7.6274,-3.1281,-4.9134,-8.1316,-6.5825,-5.7309,-5.1751,-4.2754,-6.5802,-4.0577,-5.8695,-2.6280,-1.0960,-6.7301,-8.4042,-6.5219
185,A,E,D,185,9.2147,-2.5494,-8.1994,-1.1930,-1.8371,-5.4525,-3.5649,-5.0915,-4.9550,-4.9383,-4.8598,-5.1434,-2.8891,-3.0027,-4.5523,-3.5851,-2.3002,-2.1162,-4.2009,-5.3666,-4.7671
186,A,Q,E,186,13.0793,-3.4554,-5.5558,-2.5583,-1.9772,-4.4035,-3.7559,-3.3245,-5.6119,-2.9417,-2.0904,-4.0089,-1.9935,-5.9393,-2.4221,-2.1634,-2.7489,-3.3542,-3.8924,-5.8398,-4.2631
187,A,L,L,187,6.3901,-2.8799,-6.3563,-4.2398,-3.7003,-6.4428,-3.6423,-6.8922,-3.5857,-8.7965,-1.0949,-4.2175,-5.5911,-1.1049,-4.4706,-7.3301,-3.6421,-3.1041,-2.5632,-7.5300,-6.6502
188,A,Q,E,188,2.9659,-5.7307,-5.9716,-2.0274,-0.3234,-6.3671,-6.5443,-3.9831,-8.4270,-7.8891,-8.2672,-5.6884,-4.0394,-9.2940,-3.5263,-7.3767,-4.0560,-3.2978,-5.4933,-6.6960,-5.2165
189,A,M,V,189,3.0001,-4.8054,-5.5170,-9.3014,-7.9398,-6.6841,-6.3531,-9.7790,-1.0430,-10.9262,-2.9909,-3.5342,-8.5822,-11.3147,-7.2379,-8.8317,-6.5318,-4.7590,-0.6139,-9.5210,-9.3509
190,A,G,V,190,3.0663,-2.7145,-5.2935,-6.6839,-4.5193,-6.4842,-3.5947,-6.3499,-3.0318,-6.0921,-4.2850,-4.9813,-4.8585,-8.7696,-4.6047,-5.2328,-4.5420,-3.6765,-0.2836,-8.4992,-6.0985
191,A,F,L,191,3.3721,-8.1806,-6.9926,-10.6836,-8.9290,-1.4433,-8.2804,-6.6816,-2.1789,-8.6081,-0.5741,-5.5498,-8.9592,-12.9857,-8.4872,-7.5732,-9.2230,-9.8337,-2.7634,-5.1222,-4.5552
192,A,G,V,192,5.4186,-4.0054,-5.0956,-6.4445,-4.6066,-4.2256,-1.1446,-5.1437,-3.5684,-3.1638,-3.7731,-3.6701,-4.6005,-11.2432,-4.8811,-3.7358,-5.2910,-4.8388,-0.8204,-5.0737,-5.2173
193,A,I,L,193,6.2695,-3.3993,-3.1223,-8.4722,-6.5355,-1.6330,-4.3831,-5.7666,-2.8585,-7.9292,-0.8813,-2.7810,-6.5894,-8.2591,-5.5127,-5.6306,-4.4337,-4.6513,-2.0089,-4.8852,-5.6250
194,A,T,T,194,6.1129,-4.6579,-5.3728,-6.5171,-2.5110,-7.2833,-4.3604,-5.7497,-2.4279,-3.8500,-5.8067,-5.1444,-3.6600,-9.4626,-3.5760,-3.0003,-3.5689,-0.7303,-1.8908,-5.8619,-7.0087
195,A,V,V,195,2.3029,-3.9167,-6.0953,-9.3392,-5.7816,-8.0837,-4.5809,-8.8555,-3.2443,-9.2533,-3.6672,-2.8299,-8.6830,-11.5188,-6.2124,-7.6854,-5.5331,-3.9454,-0.2056,-8.9565,-9.4861
196,A,Q,T,196,10.9257,-3.3181,-6.1358,-5.1933,-1.8101,-4.5139,-3.7751,-4.9257,-2.9480,-2.7600,-4.1497,-3.3720,-4.3824,-9.2539,-3.6459,-2.1744,-2.5704,-1.4463,-2.2570,-4.7089,-4.8978
197,A,Y,E,197,11.5992,-4.8767,-6.5083,-5.5423,-1.4771,-2.0851,-4.4066,-3.8506,-2.4706,-4.5712,-2.5289,-3.0160,-5.7287,-9.7367,-2.7528,-2.7182,-3.4277,-3.7468,-2.2109,-4.6650,-2.6715
198,A,G,G,198,1.0698,-6.2310,-9.1787,-5.9110,-7.8561,-7.3852,-0.0086,-8.4733,-11.0936,-10.8623,-9.0176,-9.7233,-8.9362,-10.4877,-11.2978,-9.2183,-7.1253,-9.3897,-8.5640,-8.9695,-6.9899
199,A,T,S,199,12.8896,-4.1282,-6.8323,-2.2426,-2.3177,-4.2683,-3.7778,-4.0759,-3.1300,-3.6410,-3.8292,-4.3782,-2.7485,-6.1602,-3.7446,-2.2668,-1.7000,-1.9732,-2.8926,-4.6843,-3.2126
200,A,D,G,200,3.9241,-4.1873,-6.8176,-3.4801,-3.4135,-4.3089,-0.3500,-5.0481,-6.2028,-5.5699,-4.6434,-4.7424,-3.4649,-7.8520,-5.0238,-3.9023,-3.2424,-4.2317,-4.7769,-5.2684,-3.0873
201,A,T,T,201,12.6457,-2.0978,-5.6089,-3.3330,-3.4937,-3.2060,-5.2032,-4.5742,-3.9742,-3.4473,-2.1786,-2.7736,-3.1523,-7.0514,-3.6892,-2.4459,-2.7642,-1.4474,-3.6895,-4.1446,-3.4854
202,A,N,D,202,4.4071,-4.5372,-5.3833,-0.5660,-3.7719,-4.2027,-5.5651,-4.7101,-6.9773,-5.8254,-3.6534,-4.6916,-1.4885,-6.2841,-5.3650,-5.0884,-4.2416,-5.7086,-6.5947,-4.2634,-2.8894
203,A,S,L,203,12.4346,-2.9438,-5.5509,-2.4822,-2.2563,-2.5938,-5.8111,-4.5042,-4.4786,-4.2889,-1.4494,-2.3336,-4.4253,-9.9258,-3.7708,-3.1234,-4.2727,-3.1876,-3.1730,-2.7487,-2.6671
204,A,V,V,204,1.1384,-6.2045,-4.8963,-8.9161,-8.5397,-6.8165,-9.0251,-10.0341,-6.0284,-9.6846,-7.2327,-7.7133,-8.2206,-11.9472,-8.4442,-7.8771,-8.5353,-6.8425,-0.0185,-7.4874,-7.0030
205,A,C,V,205,8.8368,-2.3246,-3.6047,-3.1682,-3.1474,-2.8875,-3.7450,-6.8039,-2.9830,-6.1884,-2.5193,-4.2508,-4.5803,-9.1898,-5.7941,-5.4919,-2.1706,-2.9070,-0.9971,-5.3802,-6.1197
206,A,P,P,206,4.5061,-3.3763,-5.1054,-8.4420,-5.3374,-5.6703,-2.0613,-6.5217,-4.6820,-4.7016,-4.5677,-5.2245,-6.9430,-0.4844,-4.1477,-3.2672,-4.0077,-4.1598,-2.6330,-4.5397,-6.7608
207,A,K,A,207,11.3530,-1.4658,-4.4857,-3.9510,-4.4198,-2.8422,-3.9670,-3.3728,-6.3672,-1.8382,-1.8455,-4.6481,-3.0688,-10.8049,-3.9685,-3.2728,-3.1403,-4.0668,-3.9130,-3.7394,-2.5351
208,A,L,L,208,8.1711,-4.5183,-5.8221,-6.0715,-5.5849,-3.6319,-2.3412,-5.0903,-1.4694,-5.3779,-1.3701,-3.5413,-6.1543,-11.9541,-4.8282,-2.8062,-3.4083,-4.2500,-1.6835,-4.3099,-4.1109
